0 10.05 15 
1 10.635 15 
2 11.105 15 
3 11.695 15 
4 11.96 15 
5 12.115 15 
6 12.455 15 
7 12.745 15 
8 13.01 15 
9 13.2 15 
10 13.445 16 
11 13.42 16 
12 13.44 16 
13 13.71 16 
14 13.95 16 
15 14.165 16 
16 14.3 16 
17 14.36 16 
18 14.41 16 
19 14.515 16 
20 14.66 16 
21 14.675 16 
22 14.685 16 
23 14.695 17 
24 14.73 17 
25 14.685 17 
26 14.71 17 
27 14.755 17 
28 14.82 17 
29 14.835 17 
30 14.79 17 
31 14.805 17 
32 14.855 17 
33 14.99 17 
34 15.07 17 
35 15.17 17 
36 15.15 17 
37 15.19 17 
38 15.21 17 
39 15.16 17 
40 15.175 17 
41 15.33 17 
42 15.28 17 
43 15.405 17 
44 15.34 17 
45 15.39 17 
46 15.38 17 
47 15.545 17 
48 15.63 18 
49 15.635 18 
50 15.67 18 
51 15.69 18 
52 15.655 18 
53 15.83 18 
54 16.0 18 
55 16.045 18 
56 16.135 18 
57 16.185 18 
58 16.245 18 
59 16.32 18 
60 16.33 18 
61 16.425 18 
62 16.455 18 
63 16.43 18 
64 16.44 19 
65 16.5 18 
66 16.48 18 
67 16.59 19 
68 16.66 19 
69 16.8 19 
70 16.86 19 
71 16.955 19 
72 16.92 19 
73 16.87 19 
74 16.82 19 
75 16.845 19 
76 16.955 19 
77 17.025 19 
78 17.04 18 
79 17.175 19 
80 17.11 18 
81 17.115 18 
82 17.22 19 
83 17.2 19 
84 17.265 19 
85 17.34 19 
86 17.335 19 
87 17.395 19 
88 17.355 19 
89 17.365 19 
90 17.505 19 
91 17.51 19 
92 17.575 19 
93 17.64 19 
94 17.71 19 
95 17.535 19 
96 17.56 19 
97 17.625 19 
98 17.61 19 
99 17.695 20 
