0 9.9 16 
1 10.25 16 
2 10.49 16 
3 11.04 16 
4 11.45 16 
5 11.56 16 
6 11.91 16 
7 12.62 16 
8 13.005 16 
9 13.28 16 
10 13.6 16 
11 14.06 16 
12 14.27 16 
13 14.655 17 
14 14.77 16 
15 14.84 17 
16 14.875 16 
17 15.1 17 
18 15.3 17 
19 15.405 17 
20 15.535 17 
21 15.51 17 
22 15.55 17 
23 15.615 17 
24 15.66 17 
25 15.725 17 
26 15.765 17 
27 15.85 17 
28 15.815 17 
29 15.8 17 
30 15.785 17 
31 15.9 17 
32 15.88 17 
33 15.91 17 
34 15.915 17 
35 15.935 17 
36 15.92 17 
37 15.915 18 
38 15.87 18 
39 15.84 17 
40 15.88 17 
41 15.805 17 
42 15.82 17 
43 15.72 17 
44 15.75 18 
45 15.76 18 
46 15.675 17 
47 15.73 17 
48 15.78 17 
49 15.795 17 
50 15.76 17 
51 15.825 17 
52 15.865 17 
53 15.83 17 
54 15.85 17 
55 15.825 17 
56 15.875 17 
57 15.9 17 
58 15.875 17 
59 15.93 18 
60 16.01 18 
61 16.005 18 
62 16.075 18 
63 16.12 18 
64 16.105 18 
65 15.975 18 
66 16.005 18 
67 16.125 18 
68 16.145 18 
69 16.125 18 
70 16.21 18 
71 16.205 18 
72 16.31 19 
73 16.34 19 
74 16.335 19 
75 16.465 19 
76 16.425 19 
77 16.475 19 
78 16.465 19 
79 16.48 19 
80 16.595 19 
81 16.64 19 
82 16.595 19 
83 16.645 18 
84 16.67 18 
85 16.66 18 
86 16.57 18 
87 16.55 18 
88 16.485 18 
89 16.45 18 
90 16.595 18 
91 16.63 18 
92 16.7 18 
93 16.755 18 
94 16.87 18 
95 16.79 18 
96 16.77 19 
97 16.885 18 
98 16.885 18 
99 16.935 18 
100 16.88 18 
101 17.0 18 
102 17.06 18 
103 17.13 19 
104 17.225 19 
105 17.205 19 
106 17.22 19 
107 17.325 19 
108 17.315 19 
109 17.335 19 
110 17.425 19 
111 17.51 19 
112 17.59 19 
113 17.5 19 
114 17.645 19 
115 17.57 19 
116 17.565 19 
117 17.56 19 
118 17.535 19 
119 17.48 19 
120 17.485 19 
121 17.605 19 
122 17.585 19 
123 17.56 19 
124 17.605 19 
125 17.505 19 
126 17.505 19 
127 17.485 19 
128 17.54 19 
129 17.535 19 
130 17.5 19 
131 17.51 19 
132 17.445 19 
133 17.415 19 
134 17.555 19 
135 17.525 19 
136 17.545 19 
137 17.595 19 
138 17.62 19 
139 17.66 19 
140 17.74 19 
141 17.745 19 
142 17.77 19 
143 17.825 19 
144 17.83 19 
145 17.86 19 
146 17.84 19 
147 17.855 19 
148 17.86 19 
149 17.88 19 
150 17.88 19 
151 17.82 19 
152 17.92 19 
153 17.94 19 
154 17.96 19 
155 18.0 19 
156 18.015 19 
157 18.08 19 
158 18.095 19 
159 18.09 19 
160 18.14 19 
161 18.15 19 
162 18.105 19 
163 18.16 19 
164 18.225 19 
165 18.22 19 
166 18.155 19 
167 18.18 19 
168 18.12 19 
169 18.105 19 
170 18.13 19 
171 18.22 19 
172 18.175 19 
173 18.145 19 
174 18.155 19 
175 18.16 19 
176 18.255 19 
177 18.28 19 
178 18.255 19 
179 18.25 19 
180 18.21 19 
181 18.18 19 
182 18.225 19 
183 18.255 19 
184 18.19 19 
185 18.2 19 
186 18.185 19 
187 18.16 19 
188 18.22 19 
189 18.235 19 
190 18.215 19 
191 18.21 19 
192 18.225 19 
193 18.205 19 
194 18.245 19 
195 18.245 19 
196 18.27 19 
197 18.205 19 
198 18.16 19 
199 18.065 19 
200 18.11 19 
201 18.155 19 
202 18.195 19 
203 18.26 19 
204 18.285 19 
205 18.33 19 
206 18.385 19 
207 18.405 19 
208 18.465 19 
209 18.555 19 
210 18.59 19 
211 18.56 19 
212 18.545 19 
213 18.62 19 
214 18.7 19 
215 18.69 19 
216 18.7 19 
217 18.625 19 
218 18.64 19 
219 18.65 20 
