0 9.78 16 
1 10.525 16 
2 11.39 17 
3 12.025 17 
4 12.5 17 
5 12.975 17 
6 13.69 17 
7 14.105 17 
8 14.565 17 
9 14.915 17 
10 15.09 17 
11 15.225 17 
12 15.295 17 
13 15.44 18 
14 15.47 18 
15 15.545 18 
16 15.65 18 
17 15.81 17 
18 15.86 18 
19 16.01 17 
20 16.065 17 
21 16.115 17 
22 16.07 17 
23 16.04 17 
24 16.065 17 
25 16.255 18 
26 16.2 18 
27 16.235 17 
28 16.19 17 
29 16.29 17 
30 16.305 18 
31 16.33 17 
32 16.395 17 
33 16.435 17 
34 16.415 17 
35 16.44 17 
36 16.475 17 
37 16.495 17 
38 16.535 18 
39 16.605 18 
40 16.585 18 
41 16.575 18 
42 16.55 17 
43 16.555 17 
44 16.585 18 
45 16.59 17 
46 16.555 17 
47 16.51 17 
48 16.55 17 
49 16.565 17 
50 16.66 18 
51 16.585 18 
52 16.565 18 
53 16.645 18 
54 16.7 17 
55 16.73 17 
56 16.71 18 
57 16.69 18 
58 16.705 18 
59 16.695 17 
60 16.73 17 
61 16.675 17 
62 16.675 18 
63 16.735 18 
64 16.745 18 
65 16.79 18 
66 16.76 18 
67 16.72 18 
68 16.69 18 
69 16.75 19 
70 16.78 19 
71 16.775 19 
72 16.685 19 
73 16.755 19 
74 16.775 18 
75 16.8 18 
76 16.795 18 
77 16.79 18 
78 16.76 18 
79 16.745 18 
80 16.82 18 
81 16.81 18 
82 16.845 18 
83 16.815 18 
84 16.81 18 
85 16.8 18 
86 16.8 18 
87 16.735 18 
88 16.78 18 
89 16.785 18 
90 16.85 18 
91 16.855 18 
92 16.795 18 
93 16.72 18 
94 16.74 18 
95 16.785 18 
96 16.78 18 
97 16.755 18 
98 16.705 18 
99 16.76 18 
100 16.78 18 
101 16.785 18 
102 16.77 18 
103 16.79 18 
104 16.795 18 
105 16.85 18 
106 16.89 18 
107 16.885 18 
108 16.835 18 
109 16.83 18 
110 16.895 18 
111 16.905 18 
112 16.89 18 
113 16.92 18 
114 16.95 18 
115 17.005 18 
116 17.005 18 
117 17.045 18 
118 17.005 18 
119 17.03 18 
120 17.07 18 
121 17.09 18 
122 17.09 18 
123 17.04 18 
124 16.96 18 
125 16.935 18 
126 16.96 18 
127 16.94 18 
128 16.83 18 
129 16.955 18 
130 17.015 18 
131 17.06 18 
132 17.04 18 
133 17.13 18 
134 17.115 18 
135 17.03 19 
136 17.025 18 
137 17.055 18 
138 17.01 18 
139 16.995 18 
140 17.24 18 
141 17.34 18 
142 17.35 18 
143 17.325 18 
144 17.385 18 
145 17.33 18 
146 17.375 19 
147 17.39 19 
148 17.44 19 
149 17.43 19 
150 17.52 19 
151 17.475 19 
152 17.53 19 
153 17.485 19 
154 17.53 19 
155 17.455 19 
156 17.44 19 
157 17.565 19 
158 17.55 19 
159 17.595 19 
160 17.675 19 
161 17.695 19 
162 17.75 19 
163 17.77 19 
164 17.79 19 
165 17.845 19 
166 17.85 19 
167 17.82 19 
168 17.8 19 
169 17.785 19 
170 17.855 20 
