0 9.7 15 
1 10.115 15 
2 10.47 15 
3 10.795 15 
4 11.2 15 
5 11.555 15 
6 11.96 15 
7 12.42 15 
8 12.59 15 
9 12.86 15 
10 13.04 15 
11 13.15 15 
12 13.22 15 
13 13.28 15 
14 13.415 15 
15 13.605 15 
16 13.85 15 
17 13.85 16 
18 14.055 16 
19 14.16 16 
20 14.125 16 
21 14.265 16 
22 14.31 16 
23 14.315 16 
24 14.415 16 
25 14.515 16 
26 14.525 16 
27 14.555 16 
28 14.585 16 
29 14.54 16 
30 14.56 16 
31 14.555 16 
32 14.525 16 
33 14.575 16 
34 14.63 16 
35 14.72 16 
36 14.71 17 
37 14.835 17 
38 14.81 17 
39 14.785 17 
40 14.735 17 
41 14.78 17 
42 14.85 17 
43 14.935 17 
44 15.025 17 
45 15.095 17 
46 15.12 16 
47 15.24 16 
48 15.3 16 
49 15.385 16 
50 15.4 17 
51 15.425 17 
52 15.47 17 
53 15.445 17 
54 15.405 17 
55 15.365 17 
56 15.39 17 
57 15.45 17 
58 15.455 17 
59 15.54 17 
60 15.515 17 
61 15.56 17 
62 15.5 17 
63 15.58 17 
64 15.66 17 
65 15.665 17 
66 15.765 17 
67 15.81 17 
68 15.86 17 
69 15.905 17 
70 15.86 17 
71 15.905 17 
72 15.93 17 
73 15.875 17 
74 15.9 17 
75 15.975 17 
76 15.91 17 
77 16.06 17 
78 16.035 17 
79 15.975 17 
80 16.06 17 
81 16.16 17 
82 16.235 17 
83 16.31 18 
84 16.37 18 
85 16.345 18 
86 16.27 18 
87 16.315 18 
88 16.24 18 
89 16.175 18 
90 16.305 18 
91 16.315 18 
92 16.355 18 
93 16.425 18 
94 16.39 18 
95 16.495 18 
96 16.545 18 
97 16.57 18 
98 16.615 18 
99 16.605 19 
100 16.57 19 
101 16.56 18 
102 16.52 18 
103 16.595 18 
104 16.595 18 
105 16.645 18 
106 16.715 18 
107 16.825 18 
108 16.795 18 
109 16.805 18 
110 16.825 18 
111 16.835 17 
112 16.835 17 
113 16.775 17 
114 16.805 17 
115 16.84 18 
116 16.855 18 
117 16.81 18 
118 16.775 18 
119 16.785 18 
120 16.79 18 
121 16.78 18 
122 16.785 18 
123 16.785 18 
124 16.89 18 
125 16.885 18 
126 16.905 18 
127 16.94 18 
128 16.895 18 
129 16.91 18 
130 16.875 18 
131 16.88 18 
132 16.885 18 
133 16.905 18 
134 16.86 18 
135 16.84 18 
136 16.875 18 
137 16.865 18 
138 16.885 18 
139 16.89 18 
140 16.975 18 
141 16.995 18 
142 16.955 18 
143 17.015 18 
144 17.025 18 
145 17.02 18 
146 17.07 18 
147 17.05 19 
148 16.97 19 
149 16.98 19 
150 16.96 18 
151 17.005 18 
152 17.05 18 
153 17.13 18 
154 17.18 18 
155 17.3 18 
156 17.35 19 
157 17.25 18 
158 17.32 18 
159 17.385 18 
160 17.445 18 
161 17.46 18 
162 17.42 18 
163 17.42 18 
164 17.43 18 
165 17.46 19 
166 17.47 19 
167 17.46 19 
168 17.485 19 
169 17.515 19 
170 17.535 19 
171 17.545 19 
172 17.505 20 
