0 9.79 15 
1 10.38 15 
2 10.74 15 
3 11.225 15 
4 11.63 15 
5 11.95 15 
6 12.54 15 
7 12.995 16 
8 13.37 15 
9 13.3 15 
10 13.62 15 
11 13.87 15 
12 14.115 16 
13 14.24 16 
14 14.425 16 
15 14.575 16 
16 14.66 16 
17 14.795 16 
18 14.79 16 
19 14.79 16 
20 14.885 16 
21 14.925 16 
22 14.97 16 
23 15.03 16 
24 15.08 16 
25 15.095 17 
26 15.07 16 
27 15.06 16 
28 15.07 16 
29 15.045 16 
30 15.09 17 
31 15.13 16 
32 15.17 17 
33 15.175 17 
34 15.22 17 
35 15.19 17 
36 15.26 17 
37 15.245 17 
38 15.22 17 
39 15.24 16 
40 15.275 16 
41 15.3 16 
42 15.275 16 
43 15.345 16 
44 15.33 16 
45 15.35 16 
46 15.365 16 
47 15.44 16 
48 15.485 16 
49 15.575 16 
50 15.61 16 
51 15.695 16 
52 15.705 16 
53 15.74 17 
54 15.685 17 
55 15.775 17 
56 15.775 17 
57 15.82 17 
58 15.77 17 
59 15.82 17 
60 15.83 17 
61 15.8 16 
62 15.785 16 
63 15.8 17 
64 15.785 18 
65 15.76 17 
66 15.765 17 
67 15.805 17 
68 15.765 17 
69 15.835 17 
70 15.935 17 
71 15.95 17 
72 16.055 17 
73 16.125 17 
74 16.16 17 
75 16.19 17 
76 16.185 17 
77 16.22 17 
78 16.225 17 
79 16.245 17 
80 16.335 17 
81 16.385 17 
82 16.405 17 
83 16.38 17 
84 16.42 17 
85 16.385 17 
86 16.39 18 
87 16.39 17 
88 16.435 17 
89 16.39 17 
90 16.355 17 
91 16.35 17 
92 16.36 17 
93 16.305 17 
94 16.3 17 
95 16.47 17 
96 16.48 17 
97 16.53 17 
98 16.58 18 
99 16.595 18 
100 16.64 18 
101 16.63 18 
102 16.68 18 
103 16.655 18 
104 16.595 18 
105 16.67 18 
106 16.7 18 
107 16.66 18 
108 16.75 18 
109 16.76 18 
110 16.8 18 
111 16.775 18 
112 16.79 18 
113 16.735 18 
114 16.72 18 
115 16.705 18 
116 16.75 18 
117 16.775 18 
118 16.81 18 
119 16.78 18 
120 16.77 18 
121 16.77 18 
122 16.695 18 
123 16.735 18 
124 16.7 18 
125 16.685 18 
126 16.71 18 
127 16.71 18 
128 16.685 18 
129 16.65 18 
130 16.695 18 
131 16.655 18 
132 16.73 18 
133 16.765 18 
134 16.78 18 
135 16.765 18 
136 16.765 18 
137 16.755 18 
138 16.735 18 
139 16.79 18 
140 16.735 18 
141 16.795 18 
142 16.735 18 
143 16.795 18 
144 16.755 18 
145 16.78 18 
146 16.75 18 
147 16.805 18 
148 16.82 18 
149 16.865 18 
150 16.905 18 
151 16.83 18 
152 16.88 18 
153 16.785 18 
154 16.79 18 
155 16.835 18 
156 16.88 18 
157 16.94 18 
158 17.015 18 
159 17.055 18 
160 17.095 18 
161 17.14 19 
162 17.135 19 
163 17.23 19 
164 17.2 19 
165 17.135 19 
166 17.215 18 
167 17.295 18 
168 17.26 18 
169 17.33 18 
170 17.305 18 
171 17.295 19 
172 17.245 19 
173 17.185 19 
174 17.11 19 
175 17.11 19 
176 17.115 19 
177 17.095 19 
178 17.045 19 
179 17.075 19 
180 17.125 19 
181 17.16 19 
182 17.165 19 
183 17.16 19 
184 17.21 19 
185 17.08 19 
186 17.145 19 
187 17.25 19 
188 17.175 19 
189 17.145 19 
190 17.32 19 
191 17.275 19 
192 17.235 19 
193 17.305 19 
194 17.37 19 
195 17.33 19 
196 17.295 19 
197 17.315 18 
198 17.29 18 
199 17.185 18 
200 17.18 18 
201 17.15 18 
202 17.22 18 
203 17.175 18 
204 17.095 18 
205 17.165 18 
206 17.15 18 
207 17.155 18 
208 17.195 18 
209 17.225 18 
210 17.275 18 
211 17.33 18 
212 17.39 18 
213 17.425 18 
214 17.5 19 
215 17.565 19 
216 17.61 19 
217 17.61 19 
218 17.595 19 
219 17.64 19 
220 17.68 19 
221 17.73 19 
222 17.73 19 
223 17.735 19 
224 17.725 19 
225 17.725 19 
226 17.715 19 
227 17.685 19 
228 17.6 19 
229 17.62 19 
230 17.625 19 
231 17.635 19 
232 17.7 19 
233 17.71 19 
234 17.675 19 
235 17.725 19 
236 17.755 19 
237 17.76 19 
238 17.815 19 
239 17.855 19 
240 17.89 19 
241 17.94 19 
242 17.96 19 
243 17.935 19 
244 17.92 19 
245 17.895 19 
246 17.845 19 
247 17.84 19 
248 17.88 19 
249 17.87 19 
250 17.865 19 
251 17.885 19 
252 17.865 19 
253 17.86 19 
254 17.835 19 
255 17.86 19 
256 17.855 19 
257 17.87 19 
258 17.875 19 
259 17.865 19 
260 17.86 19 
261 17.895 19 
262 17.955 19 
263 17.97 19 
264 17.97 19 
265 17.985 19 
266 17.965 19 
267 17.99 19 
268 18.015 19 
269 18.005 19 
270 17.99 19 
271 17.965 19 
272 18.05 19 
273 17.965 19 
274 17.88 19 
275 17.925 19 
276 17.97 19 
277 17.94 19 
278 17.95 19 
279 17.98 19 
280 17.935 19 
281 17.945 19 
282 17.985 19 
283 17.925 19 
284 17.995 19 
285 18.03 19 
286 18.035 19 
287 18.055 19 
288 18.065 19 
289 18.09 19 
290 18.095 19 
291 18.13 19 
292 18.19 19 
293 18.205 19 
294 18.23 19 
295 18.2 19 
296 18.32 19 
297 18.325 19 
298 18.335 19 
299 18.275 19 
300 18.305 19 
301 18.29 19 
302 18.295 19 
303 18.365 19 
304 18.37 19 
305 18.32 19 
306 18.34 19 
307 18.295 19 
308 18.345 19 
309 18.39 19 
310 18.41 19 
311 18.38 20 
