0 10.15 15 
1 10.555 15 
2 10.985 15 
3 11.48 15 
4 11.84 15 
5 12.285 15 
6 12.8 15 
7 12.99 15 
8 12.92 16 
9 13.12 16 
10 13.215 15 
11 13.295 15 
12 13.555 16 
13 13.725 16 
14 13.825 16 
15 14.05 16 
16 14.05 16 
17 14.28 16 
18 14.225 16 
19 14.485 16 
20 14.595 16 
21 14.68 16 
22 14.805 16 
23 14.775 16 
24 14.755 16 
25 15.03 17 
26 15.075 17 
27 15.165 17 
28 15.225 17 
29 15.22 17 
30 15.3 17 
31 15.31 17 
32 15.225 17 
33 15.28 17 
34 15.225 17 
35 15.27 17 
36 15.275 17 
37 15.29 16 
38 15.28 16 
39 15.285 17 
40 15.35 18 
41 15.33 18 
42 15.335 18 
43 15.4 18 
44 15.495 18 
45 15.55 18 
46 15.65 18 
47 15.67 18 
48 15.98 18 
49 15.98 18 
50 16.21 18 
51 16.335 18 
52 16.435 18 
53 16.505 18 
54 16.7 18 
55 16.87 18 
56 16.96 18 
57 17.145 19 
58 17.155 19 
59 17.125 19 
60 17.22 19 
61 17.11 18 
62 17.28 18 
63 17.24 19 
64 17.25 19 
65 17.315 18 
66 17.315 19 
67 17.44 19 
68 17.44 18 
69 17.515 18 
70 17.575 19 
71 17.52 19 
72 17.665 19 
73 17.67 19 
74 17.76 19 
75 17.775 19 
76 17.71 18 
77 17.69 18 
78 17.745 18 
79 17.795 18 
80 17.84 19 
81 17.845 19 
82 17.795 19 
83 17.82 19 
84 17.865 19 
85 17.9 19 
86 17.88 19 
87 17.845 19 
88 17.83 19 
89 17.815 19 
90 17.78 19 
91 17.815 19 
92 17.845 19 
93 17.845 19 
94 17.835 19 
95 17.76 19 
96 17.815 19 
97 17.8 19 
98 17.835 19 
99 17.81 19 
100 17.755 19 
101 17.8 19 
102 17.795 19 
103 17.78 19 
104 17.805 19 
105 17.75 19 
106 17.715 19 
107 17.68 19 
108 17.685 19 
109 17.76 19 
110 17.71 19 
111 17.765 19 
112 17.755 19 
113 17.83 19 
114 17.84 19 
115 17.865 19 
116 17.995 19 
117 18.025 19 
118 18.035 19 
119 18.03 20 
