0 9.63 14 
1 9.885 13 
2 10.5 13 
3 10.715 13 
4 10.815 13 
5 11.195 13 
6 11.52 13 
7 11.87 13 
8 12.08 13 
9 12.14 14 
10 12.185 14 
11 12.22 14 
12 12.245 13 
13 12.295 13 
14 12.335 13 
15 12.365 13 
16 12.375 13 
17 12.46 14 
18 12.48 14 
19 12.525 14 
20 12.485 14 
21 12.465 14 
22 12.425 14 
23 12.48 14 
24 12.535 14 
25 12.675 14 
26 12.68 15 
27 12.72 14 
28 12.73 14 
29 12.765 14 
30 12.77 14 
31 12.805 14 
32 12.685 14 
33 12.655 14 
34 12.715 14 
35 12.785 14 
36 12.885 14 
37 12.925 14 
38 12.96 14 
39 12.94 14 
40 12.935 14 
41 12.85 14 
42 12.91 14 
43 13.005 14 
44 12.955 14 
45 13.05 14 
46 13.075 15 
47 13.165 15 
48 13.16 15 
49 13.15 15 
50 13.13 15 
51 13.235 15 
52 13.39 15 
53 13.395 15 
54 13.465 15 
55 13.525 15 
56 13.53 15 
57 13.525 15 
58 13.55 15 
59 13.65 15 
60 13.73 15 
61 13.675 15 
62 13.7 15 
63 13.755 15 
64 13.79 15 
65 13.825 16 
66 13.895 16 
67 13.945 16 
68 13.93 16 
69 13.935 16 
70 13.965 16 
71 14.07 16 
72 14.205 16 
73 14.2 16 
74 14.295 16 
75 14.215 16 
76 14.14 16 
77 14.17 16 
78 14.155 16 
79 14.23 17 
80 14.325 16 
81 14.285 16 
82 14.305 16 
83 14.475 16 
84 14.55 16 
85 14.565 16 
86 14.6 16 
87 14.675 16 
88 14.62 16 
89 14.655 16 
90 14.88 16 
91 15.015 16 
92 15.05 16 
93 15.135 16 
94 15.105 16 
95 15.105 16 
96 15.165 16 
97 15.195 16 
98 15.155 16 
99 15.235 16 
100 15.31 16 
101 15.355 16 
102 15.415 16 
103 15.35 17 
104 15.365 17 
105 15.49 17 
106 15.575 17 
107 15.615 17 
108 15.635 17 
109 15.585 17 
110 15.665 17 
111 15.71 17 
112 15.775 17 
113 15.795 17 
114 15.795 17 
115 15.86 17 
116 15.84 17 
117 15.925 17 
118 15.915 18 
119 15.795 17 
120 15.835 17 
121 15.97 17 
122 15.99 17 
123 16.09 17 
124 16.14 17 
125 16.15 17 
126 16.18 18 
127 16.205 17 
128 16.245 17 
129 16.25 17 
130 16.28 18 
131 16.365 18 
132 16.465 18 
133 16.455 18 
134 16.465 18 
135 16.505 18 
136 16.435 18 
137 16.425 18 
138 16.445 18 
139 16.445 18 
140 16.395 18 
141 16.395 17 
142 16.465 17 
143 16.49 17 
144 16.49 18 
145 16.51 18 
146 16.55 18 
147 16.6 18 
148 16.645 17 
149 16.615 17 
150 16.65 17 
151 16.62 17 
152 16.655 18 
153 16.62 18 
154 16.595 18 
155 16.615 18 
156 16.635 18 
157 16.69 18 
158 16.675 18 
159 16.76 18 
160 16.72 18 
161 16.68 18 
162 16.71 18 
163 16.71 18 
164 16.775 18 
165 16.765 18 
166 16.8 18 
167 16.77 18 
168 16.83 18 
169 16.86 18 
170 16.815 18 
171 16.835 18 
172 16.83 18 
173 16.84 18 
174 16.84 18 
175 16.85 18 
176 16.84 18 
177 16.875 18 
178 16.88 18 
179 16.84 18 
180 16.845 19 
181 16.89 19 
182 16.925 19 
183 16.965 19 
184 16.915 19 
185 16.84 18 
186 16.885 18 
187 16.99 18 
188 16.94 18 
189 16.98 18 
190 16.94 18 
191 17.03 18 
192 17.005 18 
193 16.995 18 
194 17.055 19 
195 17.075 18 
196 17.05 18 
197 17.05 19 
198 17.11 19 
199 17.075 19 
200 17.06 19 
201 17.125 19 
202 17.115 19 
203 17.125 19 
204 17.075 19 
205 17.04 19 
206 17.08 18 
207 17.065 18 
208 17.07 18 
209 17.09 18 
210 17.055 18 
211 17.085 18 
212 17.08 18 
213 17.06 19 
214 17.115 19 
215 17.155 19 
216 17.225 19 
217 17.34 19 
218 17.395 19 
219 17.405 19 
220 17.3 19 
221 17.355 19 
222 17.405 19 
223 17.415 19 
224 17.375 19 
225 17.43 19 
226 17.405 19 
227 17.43 19 
228 17.395 18 
229 17.435 18 
230 17.505 18 
231 17.41 18 
232 17.455 18 
233 17.34 19 
234 17.37 19 
235 17.395 19 
236 17.475 18 
237 17.465 19 
238 17.55 19 
239 17.615 19 
240 17.57 19 
241 17.54 19 
242 17.555 19 
243 17.495 19 
244 17.505 19 
245 17.485 19 
246 17.495 19 
247 17.52 19 
248 17.57 19 
249 17.525 19 
250 17.515 19 
251 17.505 19 
252 17.48 19 
253 17.44 19 
254 17.485 19 
255 17.465 19 
256 17.56 19 
257 17.535 19 
258 17.565 19 
259 17.655 19 
260 17.64 19 
261 17.62 19 
262 17.7 19 
263 17.71 19 
264 17.775 19 
265 17.835 19 
266 17.77 19 
267 17.865 19 
268 17.86 19 
269 17.785 19 
270 17.76 19 
271 17.855 19 
272 17.945 19 
273 17.935 19 
274 17.89 19 
275 17.86 19 
276 17.865 19 
277 17.865 19 
278 17.785 19 
279 17.81 19 
280 17.76 19 
281 17.735 19 
282 17.79 19 
283 17.76 19 
284 17.745 19 
285 17.715 19 
286 17.67 19 
287 17.68 19 
288 17.775 19 
289 17.76 19 
290 17.655 19 
291 17.685 19 
292 17.675 19 
293 17.68 19 
294 17.745 19 
295 17.75 19 
296 17.755 19 
297 17.785 19 
298 17.82 20 
