0 10.59 16 
1 11.1 16 
2 11.585 16 
3 12.195 16 
4 12.355 16 
5 12.685 16 
6 13.04 16 
7 13.17 16 
8 13.55 16 
9 13.685 16 
10 13.705 17 
11 14.065 17 
12 14.11 17 
13 14.06 17 
14 14.135 17 
15 14.44 17 
16 14.75 17 
17 14.835 17 
18 14.965 17 
19 15.025 17 
20 15.2 17 
21 15.34 17 
22 15.33 17 
23 15.295 17 
24 15.385 17 
25 15.425 17 
26 15.485 17 
27 15.51 17 
28 15.635 17 
29 15.72 17 
30 15.775 17 
31 15.8 17 
32 15.735 17 
33 15.77 18 
34 15.81 18 
35 15.84 18 
36 15.8 18 
37 15.905 18 
38 15.93 18 
39 15.98 18 
40 16.015 18 
41 15.945 18 
42 15.95 18 
43 16.0 18 
44 16.065 18 
45 16.06 18 
46 16.125 18 
47 16.085 18 
48 16.04 17 
49 16.085 17 
50 16.095 17 
51 16.125 17 
52 16.11 17 
53 16.175 17 
54 16.22 17 
55 16.205 17 
56 16.265 17 
57 16.32 17 
58 16.265 18 
59 16.315 18 
60 16.405 18 
61 16.415 18 
62 16.49 18 
63 16.53 18 
64 16.595 18 
65 16.565 18 
66 16.68 18 
67 16.66 18 
68 16.675 18 
69 16.72 18 
70 16.71 18 
71 16.7 18 
72 16.695 17 
73 16.695 18 
74 16.67 18 
75 16.68 18 
76 16.62 18 
77 16.7 18 
78 16.69 18 
79 16.69 18 
80 16.63 18 
81 16.585 18 
82 16.655 18 
83 16.625 18 
84 16.615 18 
85 16.74 18 
86 16.795 18 
87 16.78 18 
88 16.835 18 
89 16.87 18 
90 16.89 18 
91 16.91 18 
92 16.895 18 
93 16.835 18 
94 16.91 18 
95 16.935 18 
96 17.01 18 
97 17.075 18 
98 17.135 18 
99 17.17 19 
100 17.195 19 
101 17.235 19 
102 17.295 19 
103 17.4 19 
104 17.375 19 
105 17.36 19 
106 17.405 19 
107 17.38 19 
108 17.37 19 
109 17.395 19 
110 17.365 19 
111 17.34 19 
112 17.365 19 
113 17.43 19 
114 17.355 19 
115 17.405 19 
116 17.45 19 
117 17.575 19 
118 17.66 19 
119 17.69 19 
120 17.64 19 
121 17.675 19 
122 17.615 19 
123 17.655 19 
124 17.805 19 
125 17.895 19 
126 18.065 19 
127 17.96 19 
128 18.095 19 
129 18.26 20 
