0 9.97 17 
1 10.27 15 
2 10.54 15 
3 10.945 15 
4 11.38 15 
5 11.755 15 
6 12.16 15 
7 12.64 15 
8 12.93 15 
9 13.07 16 
10 13.29 16 
11 13.53 16 
12 13.73 16 
13 13.76 16 
14 13.825 16 
15 13.91 16 
16 14.245 16 
17 14.29 16 
18 14.315 15 
19 14.43 15 
20 14.5 15 
21 14.495 16 
22 14.53 16 
23 14.595 16 
24 14.635 16 
25 14.59 16 
26 14.645 16 
27 14.645 16 
28 14.635 16 
29 14.63 16 
30 14.65 16 
31 14.635 16 
32 14.67 16 
33 14.74 16 
34 14.715 16 
35 14.78 16 
36 14.79 16 
37 14.855 16 
38 14.975 16 
39 14.94 16 
40 15.025 17 
41 15.165 16 
42 15.105 16 
43 15.19 16 
44 15.33 16 
45 15.37 16 
46 15.42 16 
47 15.42 16 
48 15.48 16 
49 15.515 16 
50 15.54 16 
51 15.585 17 
52 15.66 17 
53 15.73 17 
54 15.735 17 
55 15.72 17 
56 15.725 17 
57 15.71 17 
58 15.785 17 
59 15.755 17 
60 15.795 17 
61 15.77 17 
62 15.775 18 
63 15.86 18 
64 15.845 18 
65 15.855 18 
66 15.835 18 
67 15.805 18 
68 15.725 18 
69 15.68 18 
70 15.7 18 
71 15.73 18 
72 15.79 18 
73 15.955 18 
74 16.04 18 
75 16.06 18 
76 16.26 18 
77 16.23 18 
78 16.23 18 
79 16.3 18 
80 16.365 18 
81 16.44 18 
82 16.545 18 
83 16.61 18 
84 16.63 18 
85 16.675 18 
86 16.885 18 
87 17.04 18 
88 17.19 18 
89 17.14 18 
90 17.095 18 
91 17.12 18 
92 17.08 18 
93 17.25 18 
94 17.31 18 
95 17.325 18 
96 17.32 18 
97 17.285 18 
98 17.285 18 
99 17.33 18 
100 17.35 18 
101 17.39 18 
102 17.485 18 
103 17.555 19 
104 17.645 19 
105 17.67 18 
106 17.685 18 
107 17.675 18 
108 17.695 19 
109 17.705 19 
110 17.66 19 
111 17.6 19 
112 17.525 18 
113 17.46 18 
114 17.525 18 
115 17.54 18 
116 17.56 19 
117 17.555 19 
118 17.535 19 
119 17.56 19 
120 17.595 19 
121 17.59 19 
122 17.59 19 
123 17.595 19 
124 17.565 19 
125 17.55 19 
126 17.505 19 
127 17.555 19 
128 17.565 19 
129 17.595 19 
130 17.675 19 
131 17.625 19 
132 17.72 19 
133 17.685 19 
134 17.78 19 
135 17.72 19 
136 17.81 19 
137 17.78 19 
138 17.755 19 
139 17.64 19 
140 17.54 19 
141 17.655 19 
142 17.67 19 
143 17.735 19 
144 17.835 19 
145 17.895 20 
