0 9.91 15 
1 10.52 15 
2 11.11 15 
3 11.37 16 
4 11.83 16 
5 12.155 16 
6 12.43 16 
7 12.695 16 
8 13.005 16 
9 13.475 16 
10 13.76 17 
11 13.925 17 
12 14.12 16 
13 14.325 16 
14 14.35 16 
15 14.455 16 
16 14.635 16 
17 14.545 16 
18 14.545 17 
19 14.575 17 
20 14.565 17 
21 14.725 17 
22 14.865 17 
23 14.83 17 
24 15.015 17 
25 15.255 17 
26 15.345 17 
27 15.415 17 
28 15.495 17 
29 15.41 17 
30 15.425 17 
31 15.48 17 
32 15.57 17 
33 15.63 17 
34 15.655 17 
35 15.695 17 
36 15.605 17 
37 15.595 17 
38 15.74 17 
39 15.71 17 
40 15.76 17 
41 15.85 17 
42 15.8 17 
43 15.985 17 
44 15.93 17 
45 15.92 17 
46 15.97 17 
47 16.02 17 
48 15.99 17 
49 15.99 17 
50 16.005 17 
51 16.01 17 
52 16.13 18 
53 16.16 18 
54 16.11 18 
55 16.27 18 
56 16.305 18 
57 16.31 18 
58 16.31 18 
59 16.385 18 
60 16.46 18 
61 16.505 18 
62 16.505 18 
63 16.57 18 
64 16.605 18 
65 16.685 18 
66 16.665 18 
67 16.62 18 
68 16.655 18 
69 16.63 18 
70 16.595 18 
71 16.65 18 
72 16.635 18 
73 16.62 18 
74 16.64 18 
75 16.695 17 
76 16.68 17 
77 16.655 18 
78 16.695 18 
79 16.785 18 
80 16.745 18 
81 16.735 18 
82 16.73 18 
83 16.77 18 
84 16.76 18 
85 16.785 18 
86 16.795 18 
87 16.75 18 
88 16.77 18 
89 16.75 18 
90 16.815 18 
91 16.875 18 
92 16.835 18 
93 16.9 18 
94 16.865 19 
95 16.86 18 
96 16.875 18 
97 16.845 18 
98 16.82 18 
99 16.845 18 
100 16.835 18 
101 16.88 18 
102 16.89 18 
103 16.87 18 
104 16.865 18 
105 16.94 18 
106 16.925 18 
107 16.92 19 
108 16.895 18 
109 16.79 18 
110 16.885 18 
111 16.835 18 
112 16.895 18 
113 16.97 18 
114 17.035 19 
115 17.01 19 
116 17.025 19 
117 17.03 19 
118 17.07 19 
119 17.08 19 
120 17.155 19 
121 17.15 19 
122 17.125 19 
123 17.11 19 
124 17.165 19 
125 17.255 19 
126 17.195 19 
127 17.21 19 
128 17.175 19 
129 17.245 19 
130 17.295 19 
131 17.23 19 
132 17.225 19 
133 17.24 19 
134 17.305 20 
