0 9.94 15 
1 10.39 15 
2 11.0 15 
3 11.43 15 
4 11.735 15 
5 12.085 15 
6 12.37 15 
7 12.64 15 
8 12.79 15 
9 13.265 15 
10 13.43 15 
11 13.71 16 
12 13.82 16 
13 14.155 16 
14 14.17 16 
15 14.09 16 
16 14.325 16 
17 14.39 15 
18 14.38 15 
19 14.36 15 
20 14.34 15 
21 14.375 16 
22 14.385 16 
23 14.335 15 
24 14.305 15 
25 14.235 16 
26 14.34 16 
27 14.355 16 
28 14.43 16 
29 14.41 16 
30 14.42 16 
31 14.43 16 
32 14.465 17 
33 14.54 16 
34 14.59 16 
35 14.655 16 
36 14.615 16 
37 14.585 16 
38 14.675 16 
39 14.76 16 
40 14.84 16 
41 14.78 16 
42 14.915 16 
43 14.88 16 
44 14.95 16 
45 14.985 16 
46 15.005 16 
47 15.08 17 
48 15.115 17 
49 15.23 17 
50 15.26 17 
51 15.31 17 
52 15.36 17 
53 15.415 17 
54 15.385 17 
55 15.33 17 
56 15.37 18 
57 15.425 18 
58 15.505 18 
59 15.53 18 
60 15.495 18 
61 15.685 18 
62 15.8 18 
63 15.82 18 
64 15.81 18 
65 15.68 18 
66 15.76 18 
67 15.85 18 
68 15.92 18 
69 16.12 18 
70 16.095 18 
71 16.065 18 
72 16.135 17 
73 16.18 17 
74 16.195 17 
75 16.205 17 
76 16.18 17 
77 16.235 17 
78 16.28 18 
79 16.38 18 
80 16.37 18 
81 16.415 18 
82 16.57 18 
83 16.53 18 
84 16.515 18 
85 16.52 18 
86 16.525 18 
87 16.54 18 
88 16.445 18 
89 16.455 18 
90 16.435 18 
91 16.445 18 
92 16.435 18 
93 16.43 18 
94 16.515 18 
95 16.44 18 
96 16.435 18 
97 16.53 18 
98 16.52 18 
99 16.525 18 
100 16.53 18 
101 16.56 18 
102 16.59 18 
103 16.715 18 
104 16.65 18 
105 16.78 18 
106 16.84 18 
107 16.89 18 
108 16.92 18 
109 16.945 18 
110 16.985 19 
111 17.005 19 
112 17.085 19 
113 17.16 19 
114 17.315 19 
115 17.225 19 
116 17.265 19 
117 17.385 19 
118 17.37 19 
119 17.545 19 
120 17.525 19 
121 17.585 19 
122 17.65 19 
123 17.68 19 
124 17.725 19 
125 17.76 19 
126 17.855 19 
127 17.785 19 
128 17.93 19 
129 17.835 19 
130 17.785 19 
131 17.7 19 
132 17.76 19 
133 17.8 19 
134 17.835 19 
135 17.83 19 
136 17.91 19 
137 18.005 19 
138 18.005 19 
139 18.02 19 
140 17.945 19 
141 17.965 19 
142 17.915 19 
143 17.93 19 
144 17.985 19 
145 18.0 19 
146 18.045 19 
147 17.99 19 
148 18.07 20 
