0 9.88 14 
1 10.615 14 
2 11.23 15 
3 11.64 15 
4 11.895 15 
5 12.085 15 
6 12.38 15 
7 12.665 15 
8 12.865 15 
9 13.025 15 
10 13.125 15 
11 13.13 15 
12 13.405 15 
13 13.48 16 
14 13.675 16 
15 13.67 16 
16 13.655 16 
17 13.77 16 
18 13.82 16 
19 13.96 16 
20 13.945 16 
21 14.035 16 
22 14.14 16 
23 14.135 16 
24 14.165 16 
25 14.22 17 
26 14.34 17 
27 14.41 17 
28 14.405 16 
29 14.41 16 
30 14.465 16 
31 14.585 16 
32 14.805 16 
33 14.885 16 
34 14.9 17 
35 15.015 17 
36 14.98 16 
37 14.945 16 
38 15.02 17 
39 15.105 17 
40 15.09 17 
41 15.09 17 
42 15.125 17 
43 15.1 17 
44 15.12 17 
45 15.1 17 
46 15.15 17 
47 15.09 17 
48 15.11 17 
49 15.255 17 
50 15.255 17 
51 15.215 17 
52 15.225 17 
53 15.405 17 
54 15.42 17 
55 15.37 17 
56 15.515 17 
57 15.625 18 
58 15.78 18 
59 15.815 18 
60 15.89 18 
61 15.9 18 
62 15.885 18 
63 15.97 18 
64 16.06 18 
65 15.975 18 
66 15.92 19 
67 16.03 19 
68 16.035 19 
69 16.11 19 
70 16.12 19 
71 16.18 19 
72 16.2 19 
73 16.18 19 
74 16.245 19 
75 16.365 19 
76 16.46 19 
77 16.53 19 
78 16.61 19 
79 16.68 19 
80 16.745 19 
81 16.87 19 
82 16.92 19 
83 17.025 19 
84 17.09 19 
85 17.08 19 
86 17.025 19 
87 17.075 19 
88 17.105 19 
89 17.055 19 
90 17.0 19 
91 16.945 19 
92 16.845 19 
93 16.915 19 
94 16.935 19 
95 17.02 19 
96 17.125 19 
97 17.2 19 
98 17.18 19 
99 17.23 20 
