0 10.02 16 
1 10.82 16 
2 11.29 16 
3 11.725 16 
4 12.055 16 
5 12.545 17 
6 12.9 17 
7 13.005 17 
8 13.305 17 
9 13.785 17 
10 13.985 17 
11 14.33 17 
12 14.74 17 
13 14.84 17 
14 15.035 17 
15 15.115 17 
16 15.195 17 
17 15.45 17 
18 15.575 17 
19 15.58 17 
20 15.585 17 
21 15.715 17 
22 15.935 17 
23 15.9 17 
24 15.835 18 
25 15.825 18 
26 15.9 18 
27 15.945 18 
28 16.005 18 
29 16.095 18 
30 16.1 18 
31 16.28 18 
32 16.29 18 
33 16.275 18 
34 16.335 19 
35 16.41 18 
36 16.38 18 
37 16.41 18 
38 16.395 18 
39 16.485 18 
40 16.575 18 
41 16.5 18 
42 16.54 18 
43 16.485 18 
44 16.56 18 
45 16.565 18 
46 16.67 18 
47 16.785 18 
48 16.77 18 
49 16.77 18 
50 16.965 18 
51 17.075 18 
52 17.08 18 
53 17.1 18 
54 17.16 18 
55 17.31 18 
56 17.305 18 
57 17.33 18 
58 17.305 19 
59 17.33 19 
60 17.34 19 
61 17.315 19 
62 17.35 19 
63 17.35 19 
64 17.37 19 
65 17.405 19 
66 17.455 19 
67 17.485 19 
68 17.485 19 
69 17.595 19 
70 17.56 19 
71 17.66 19 
72 17.69 19 
73 17.775 19 
74 17.675 19 
75 17.645 19 
76 17.605 19 
77 17.63 19 
78 17.69 19 
79 17.73 19 
80 17.615 19 
81 17.635 19 
82 17.705 19 
83 17.64 19 
84 17.76 19 
85 17.76 19 
86 17.8 19 
87 17.89 19 
88 17.845 19 
89 17.905 19 
90 17.93 19 
91 17.94 19 
92 18.06 20 
