0 9.98 16 
1 10.895 16 
2 11.185 16 
3 11.775 16 
4 12.4 16 
5 12.565 16 
6 12.84 16 
7 13.16 16 
8 13.22 16 
9 13.445 16 
10 13.505 16 
11 13.585 16 
12 13.72 16 
13 13.86 16 
14 14.065 16 
15 14.28 16 
16 14.34 16 
17 14.44 16 
18 14.54 16 
19 14.705 16 
20 14.85 16 
21 14.875 16 
22 14.83 16 
23 14.89 17 
24 14.955 17 
25 14.995 17 
26 15.015 17 
27 15.085 17 
28 15.195 17 
29 15.275 17 
30 15.33 16 
31 15.375 17 
32 15.405 17 
33 15.455 17 
34 15.425 17 
35 15.385 17 
36 15.495 17 
37 15.5 17 
38 15.5 17 
39 15.545 17 
40 15.605 17 
41 15.595 17 
42 15.685 17 
43 15.755 17 
44 15.78 17 
45 15.76 17 
46 15.87 17 
47 15.995 17 
48 16.03 17 
49 15.995 17 
50 15.93 17 
51 15.97 17 
52 16.04 17 
53 16.065 17 
54 16.135 17 
55 16.175 18 
56 16.21 18 
57 16.27 18 
58 16.365 18 
59 16.405 18 
60 16.44 18 
61 16.48 18 
62 16.45 18 
63 16.57 18 
64 16.46 18 
65 16.515 18 
66 16.44 18 
67 16.465 18 
68 16.53 18 
69 16.52 18 
70 16.675 18 
71 16.635 18 
72 16.625 19 
73 16.67 19 
74 16.685 19 
75 16.69 19 
76 16.62 19 
77 16.645 19 
78 16.745 19 
79 16.74 18 
80 16.81 18 
81 16.845 18 
82 16.755 18 
83 16.755 18 
84 16.765 18 
85 16.8 18 
86 16.8 18 
87 16.755 18 
88 16.82 18 
89 16.86 18 
90 16.905 18 
91 16.895 18 
92 16.815 18 
93 16.9 18 
94 16.94 18 
95 16.99 18 
96 16.985 18 
97 17.03 18 
98 17.075 18 
99 17.075 18 
100 17.12 18 
101 17.135 18 
102 17.175 18 
103 17.205 18 
104 17.22 18 
105 17.25 18 
106 17.235 18 
107 17.27 18 
108 17.175 18 
109 17.105 18 
110 17.075 18 
111 17.175 18 
112 17.225 18 
113 17.245 19 
114 17.205 18 
115 17.21 19 
116 17.16 19 
117 17.155 19 
118 17.065 19 
119 17.18 19 
120 17.23 19 
121 17.185 19 
122 17.18 19 
123 17.19 19 
124 17.195 19 
125 17.26 19 
126 17.31 19 
127 17.395 19 
128 17.43 19 
129 17.425 19 
130 17.41 19 
131 17.445 19 
132 17.425 19 
133 17.37 19 
134 17.375 19 
135 17.38 19 
136 17.415 19 
137 17.4 19 
138 17.47 19 
139 17.555 19 
140 17.56 19 
141 17.52 19 
142 17.455 19 
143 17.49 19 
144 17.505 19 
145 17.54 19 
146 17.59 19 
147 17.63 19 
148 17.715 19 
149 17.805 19 
150 17.83 19 
151 17.83 19 
152 17.88 19 
153 17.785 19 
154 17.85 19 
155 17.8 19 
156 17.81 19 
157 17.805 19 
158 17.83 19 
159 17.86 19 
160 17.86 19 
161 17.84 19 
162 17.83 19 
163 17.79 19 
164 17.86 19 
165 17.905 19 
166 17.88 20 
