0 10.14 16 
1 10.45 16 
2 10.93 15 
3 11.215 15 
4 11.665 15 
5 11.915 15 
6 12.68 15 
7 12.745 16 
8 13.42 16 
9 13.665 16 
10 13.775 16 
11 13.975 16 
12 14.145 16 
13 14.31 16 
14 14.395 16 
15 14.525 16 
16 14.635 16 
17 14.665 16 
18 14.775 16 
19 14.77 16 
20 14.725 16 
21 14.765 16 
22 14.72 17 
23 14.765 17 
24 14.745 16 
25 14.775 16 
26 14.715 16 
27 14.81 16 
28 14.755 16 
29 14.75 16 
30 14.76 16 
31 14.74 16 
32 14.765 16 
33 14.755 16 
34 14.745 16 
35 14.815 16 
36 14.82 16 
37 14.875 16 
38 14.885 17 
39 14.855 16 
40 14.845 16 
41 14.85 16 
42 14.825 16 
43 14.795 16 
44 14.8 16 
45 14.76 16 
46 14.78 16 
47 14.815 16 
48 14.805 16 
49 14.845 16 
50 14.86 16 
51 14.835 16 
52 14.84 17 
53 14.765 17 
54 14.795 17 
55 14.895 17 
56 14.955 17 
57 15.005 17 
58 14.92 17 
59 14.98 17 
60 15.04 17 
61 15.04 16 
62 15.12 16 
63 15.19 17 
64 15.26 17 
65 15.225 17 
66 15.235 17 
67 15.365 17 
68 15.425 17 
69 15.415 17 
70 15.39 17 
71 15.36 17 
72 15.37 17 
73 15.43 17 
74 15.445 17 
75 15.455 17 
76 15.48 17 
77 15.495 17 
78 15.525 18 
79 15.63 17 
80 15.55 18 
81 15.625 18 
82 15.69 18 
83 15.72 18 
84 15.775 18 
85 15.805 18 
86 15.815 18 
87 15.785 18 
88 15.855 18 
89 15.91 18 
90 16.02 18 
91 16.0 18 
92 16.055 18 
93 16.13 18 
94 16.155 18 
95 16.105 18 
96 16.05 18 
97 16.03 17 
98 16.035 17 
99 16.13 17 
100 16.165 17 
101 16.095 17 
102 16.12 17 
103 16.04 17 
104 16.11 18 
105 16.13 18 
106 16.14 18 
107 16.175 18 
108 16.175 18 
109 16.185 18 
110 16.25 17 
111 16.3 17 
112 16.365 17 
113 16.41 17 
114 16.47 18 
115 16.465 18 
116 16.57 18 
117 16.56 18 
118 16.535 18 
119 16.635 18 
120 16.675 18 
121 16.64 18 
122 16.615 18 
123 16.585 18 
124 16.585 18 
125 16.61 18 
126 16.655 18 
127 16.68 18 
128 16.73 18 
129 16.675 18 
130 16.67 18 
131 16.64 18 
132 16.65 18 
133 16.585 18 
134 16.62 18 
135 16.61 18 
136 16.59 18 
137 16.59 18 
138 16.59 18 
139 16.62 18 
140 16.585 18 
141 16.535 18 
142 16.57 18 
143 16.545 18 
144 16.485 18 
145 16.55 18 
146 16.58 19 
147 16.48 19 
148 16.41 19 
149 16.405 19 
150 16.445 19 
151 16.46 19 
152 16.52 19 
153 16.665 19 
154 16.65 19 
155 16.745 19 
156 16.83 19 
157 16.94 19 
158 17.01 19 
159 16.875 19 
160 16.83 19 
161 16.81 19 
162 16.725 19 
163 16.845 19 
164 17.01 19 
165 17.22 19 
166 17.38 19 
167 17.43 19 
168 17.525 19 
169 17.565 19 
170 17.595 19 
171 17.63 19 
172 17.84 20 
