0 10.25 17 
1 10.575 17 
2 10.87 17 
3 11.01 17 
4 11.13 17 
5 11.49 17 
6 11.74 17 
7 12.06 17 
8 12.205 17 
9 12.465 17 
10 12.505 17 
11 13.15 17 
12 13.495 17 
13 13.91 17 
14 14.7 17 
15 14.875 17 
16 15.165 17 
17 15.62 17 
18 16.01 17 
19 16.125 18 
20 16.325 18 
21 16.385 18 
22 16.52 18 
23 16.775 18 
24 16.82 18 
25 16.81 18 
26 16.77 18 
27 16.775 18 
28 16.79 18 
29 16.835 18 
30 16.8 18 
31 16.84 18 
32 16.825 18 
33 16.8 18 
34 16.885 18 
35 16.89 18 
36 16.87 18 
37 16.89 18 
38 16.86 18 
39 16.895 18 
40 16.88 19 
41 16.85 19 
42 16.925 19 
43 16.9 18 
44 16.93 18 
45 16.885 18 
46 16.985 18 
47 16.975 18 
48 16.95 18 
49 16.91 18 
50 16.92 18 
51 16.935 18 
52 16.92 18 
53 16.925 18 
54 16.915 18 
55 16.935 18 
56 16.935 18 
57 16.835 18 
58 16.795 18 
59 16.86 18 
60 16.89 18 
61 16.97 18 
62 16.915 18 
63 16.94 18 
64 16.975 18 
65 17.005 18 
66 17.095 18 
67 17.09 18 
68 17.105 19 
69 17.125 19 
70 17.125 19 
71 17.15 19 
72 17.135 19 
73 17.195 19 
74 17.26 19 
75 17.27 19 
76 17.3 19 
77 17.31 19 
78 17.355 18 
79 17.375 18 
80 17.41 19 
81 17.385 19 
82 17.405 19 
83 17.495 19 
84 17.575 19 
85 17.625 19 
86 17.64 19 
87 17.62 19 
88 17.615 19 
89 17.66 19 
90 17.69 19 
91 17.695 19 
92 17.755 19 
93 17.76 19 
94 17.735 19 
95 17.76 19 
96 17.73 19 
97 17.785 19 
98 17.84 19 
99 17.82 19 
100 17.795 19 
101 17.845 19 
102 17.755 19 
103 17.79 19 
104 17.765 19 
105 17.79 19 
106 17.825 19 
107 17.955 19 
108 17.92 19 
109 17.92 19 
110 17.925 19 
111 17.89 19 
112 17.91 19 
113 17.9 19 
114 17.835 19 
115 17.87 19 
116 17.885 19 
117 17.95 19 
118 17.93 19 
119 17.935 19 
120 18.045 19 
121 18.015 19 
122 18.105 19 
123 18.03 19 
124 18.02 19 
125 17.935 19 
126 17.95 19 
127 17.945 19 
128 18.005 19 
129 18.125 19 
130 18.13 19 
131 18.18 19 
132 18.13 19 
133 18.09 19 
134 18.12 19 
135 18.08 19 
136 18.1 19 
137 18.1 19 
138 18.095 19 
139 18.08 19 
140 18.055 19 
141 18.04 19 
142 18.025 19 
143 18.01 19 
144 18.1 19 
145 18.12 19 
146 18.1 19 
147 18.08 19 
148 18.09 19 
149 18.08 19 
150 18.09 19 
151 18.055 19 
152 17.975 19 
153 17.945 19 
154 17.975 19 
155 18.045 19 
156 18.005 19 
157 17.965 19 
158 18.005 19 
159 17.98 19 
160 17.91 19 
161 17.925 19 
162 17.935 19 
163 17.975 19 
164 17.935 19 
165 17.96 19 
166 17.96 19 
167 17.98 19 
168 17.955 19 
169 17.885 19 
170 17.985 19 
171 18.015 19 
172 17.99 19 
173 17.975 19 
174 18.025 19 
175 17.995 19 
176 18.165 20 
