0 9.94 16 
1 10.435 16 
2 10.8 16 
3 11.145 16 
4 11.55 16 
5 11.905 16 
6 12.145 16 
7 12.41 16 
8 12.515 17 
9 12.945 17 
10 13.38 18 
11 13.63 16 
12 13.88 16 
13 14.295 16 
14 14.34 17 
15 14.365 17 
16 14.585 17 
17 14.665 17 
18 14.82 17 
19 14.96 17 
20 15.18 17 
21 15.28 17 
22 15.395 17 
23 15.385 17 
24 15.4 17 
25 15.44 17 
26 15.57 17 
27 15.47 17 
28 15.49 17 
29 15.635 17 
30 15.705 18 
31 15.8 18 
32 16.08 18 
33 16.08 18 
34 16.185 18 
35 16.32 18 
36 16.42 18 
37 16.405 18 
38 16.51 18 
39 16.545 18 
40 16.64 18 
41 16.72 18 
42 16.75 18 
43 16.765 18 
44 16.84 18 
45 16.755 18 
46 16.745 18 
47 16.8 18 
48 16.8 18 
49 16.795 18 
50 16.74 18 
51 16.85 18 
52 16.84 18 
53 16.825 18 
54 16.905 18 
55 16.905 18 
56 16.925 18 
57 16.955 18 
58 16.885 18 
59 16.905 18 
60 16.97 18 
61 16.995 18 
62 17.025 18 
63 17.065 19 
64 17.225 19 
65 17.185 19 
66 17.25 19 
67 17.22 19 
68 17.255 19 
69 17.15 18 
70 17.13 18 
71 17.125 18 
72 17.155 18 
73 17.06 18 
74 17.045 18 
75 17.02 18 
76 17.065 18 
77 17.115 18 
78 17.11 18 
79 17.135 18 
80 17.135 18 
81 17.1 18 
82 17.0 18 
83 17.075 18 
84 17.11 18 
85 17.13 18 
86 17.135 18 
87 17.15 18 
88 17.16 18 
89 17.19 18 
90 17.14 18 
91 17.05 18 
92 17.02 19 
93 17.01 19 
94 16.995 19 
95 17.005 19 
96 16.995 19 
97 16.99 19 
98 17.075 19 
99 17.045 19 
100 17.12 19 
101 17.17 19 
102 17.13 19 
103 17.22 19 
104 17.245 19 
105 17.4 19 
106 17.33 19 
107 17.255 19 
108 17.365 19 
109 17.435 19 
110 17.635 19 
111 17.71 19 
112 17.715 19 
113 17.78 19 
114 17.88 19 
115 18.03 19 
116 18.085 19 
117 18.145 19 
118 18.14 19 
119 18.125 19 
120 18.21 19 
121 18.235 19 
122 18.33 19 
123 18.3 20 
