0 10.01 15 
1 10.435 15 
2 10.95 15 
3 11.285 15 
4 11.94 15 
5 12.35 15 
6 12.495 16 
7 12.84 15 
8 13.225 15 
9 13.32 15 
10 13.425 15 
11 13.54 16 
12 13.535 16 
13 13.505 16 
14 13.65 16 
15 13.735 16 
16 13.845 16 
17 13.815 16 
18 13.875 16 
19 13.85 16 
20 14.05 16 
21 14.105 16 
22 14.26 16 
23 14.325 16 
24 14.39 17 
25 14.43 17 
26 14.455 16 
27 14.57 16 
28 14.72 16 
29 14.83 16 
30 14.92 17 
31 14.925 16 
32 15.02 16 
33 15.195 16 
34 15.185 16 
35 15.195 16 
36 15.285 16 
37 15.29 17 
38 15.355 17 
39 15.325 17 
40 15.37 17 
41 15.415 17 
42 15.385 17 
43 15.345 17 
44 15.395 17 
45 15.38 17 
46 15.485 17 
47 15.56 17 
48 15.595 17 
49 15.53 17 
50 15.6 18 
51 15.605 18 
52 15.745 18 
53 15.805 18 
54 15.81 18 
55 15.945 18 
56 15.975 18 
57 16.02 18 
58 16.08 18 
59 16.135 18 
60 16.12 18 
61 16.145 18 
62 16.18 18 
63 16.145 18 
64 16.03 18 
65 16.105 18 
66 16.11 18 
67 16.085 18 
68 16.275 18 
69 16.245 18 
70 16.3 18 
71 16.305 18 
72 16.38 18 
73 16.385 18 
74 16.575 18 
75 16.67 18 
76 16.67 19 
77 16.75 19 
78 16.885 18 
79 17.005 18 
80 17.2 18 
81 17.22 18 
82 17.385 18 
83 17.29 18 
84 17.51 18 
85 17.485 19 
86 17.48 19 
87 17.46 19 
88 17.54 19 
89 17.56 19 
90 17.54 19 
91 17.515 19 
92 17.405 19 
93 17.49 19 
94 17.48 19 
95 17.575 19 
96 17.57 19 
97 17.7 19 
98 17.8 19 
99 17.815 19 
100 17.68 19 
101 17.72 19 
102 17.69 19 
103 17.715 19 
104 17.825 19 
105 17.84 19 
106 17.83 19 
107 17.895 19 
108 17.885 19 
109 17.99 19 
110 18.095 19 
111 18.165 19 
112 18.2 19 
113 18.225 19 
114 18.21 19 
115 18.22 19 
116 18.255 19 
117 18.28 19 
118 18.36 19 
119 18.385 20 
