0 10.0 16 
1 10.215 16 
2 10.885 16 
3 11.4 16 
4 11.665 16 
5 12.165 16 
6 12.325 16 
7 12.35 16 
8 12.49 16 
9 12.74 16 
10 12.94 16 
11 13.175 16 
12 13.15 16 
13 13.29 16 
14 13.23 16 
15 13.14 16 
16 13.515 16 
17 13.485 16 
18 13.5 16 
19 13.715 16 
20 13.91 16 
21 14.04 16 
22 14.185 16 
23 14.375 16 
24 14.52 17 
25 14.735 17 
26 14.77 17 
27 14.88 17 
28 14.935 17 
29 15.055 17 
30 15.065 17 
31 15.07 17 
32 15.22 17 
33 15.235 17 
34 15.265 18 
35 15.42 18 
36 15.475 18 
37 15.46 18 
38 15.56 18 
39 15.485 18 
40 15.585 18 
41 15.64 18 
42 15.63 18 
43 15.66 18 
44 15.69 18 
45 15.865 18 
46 15.9 18 
47 16.005 18 
48 16.05 18 
49 16.175 18 
50 16.27 18 
51 16.22 19 
52 16.37 19 
53 16.4 19 
54 16.5 19 
55 16.58 19 
56 16.555 19 
57 16.52 19 
58 16.565 19 
59 16.76 19 
60 16.855 19 
61 16.935 19 
62 16.945 19 
63 17.045 19 
64 17.14 19 
65 17.185 19 
66 17.335 19 
67 17.385 19 
68 17.56 19 
69 17.54 19 
70 17.5 19 
71 17.525 19 
72 17.525 19 
73 17.555 19 
74 17.525 19 
75 17.55 19 
76 17.525 20 
