0 9.76 15 
1 10.255 15 
2 10.915 15 
3 11.31 15 
4 11.525 15 
5 11.73 15 
6 11.98 15 
7 12.235 15 
8 12.26 15 
9 12.54 15 
10 12.885 16 
11 13.155 16 
12 13.26 16 
13 13.51 16 
14 13.795 16 
15 13.95 16 
16 14.06 16 
17 14.23 17 
18 14.275 17 
19 14.3 16 
20 14.46 16 
21 14.515 16 
22 14.54 16 
23 14.63 16 
24 14.76 16 
25 14.775 16 
26 14.93 17 
27 14.995 17 
28 15.055 17 
29 15.05 17 
30 15.05 17 
31 15.18 17 
32 15.185 17 
33 15.29 17 
34 15.42 17 
35 15.44 17 
36 15.445 17 
37 15.535 17 
38 15.565 17 
39 15.58 17 
40 15.65 17 
41 15.7 17 
42 15.645 17 
43 15.695 17 
44 15.72 17 
45 15.685 17 
46 15.62 17 
47 15.615 17 
48 15.71 17 
49 15.785 17 
50 15.795 18 
51 15.9 18 
52 16.005 18 
53 15.975 17 
54 15.975 17 
55 15.995 17 
56 16.01 17 
57 16.025 17 
58 15.94 17 
59 15.9 17 
60 15.885 17 
61 15.995 17 
62 16.085 17 
63 16.18 17 
64 16.15 17 
65 16.24 17 
66 16.325 17 
67 16.295 17 
68 16.27 17 
69 16.345 17 
70 16.355 18 
71 16.435 17 
72 16.485 18 
73 16.575 18 
74 16.585 18 
75 16.535 18 
76 16.515 18 
77 16.535 17 
78 16.49 17 
79 16.495 17 
80 16.505 17 
81 16.495 17 
82 16.435 18 
83 16.475 17 
84 16.435 17 
85 16.44 18 
86 16.38 18 
87 16.445 18 
88 16.5 18 
89 16.505 17 
90 16.54 17 
91 16.555 17 
92 16.55 18 
93 16.595 18 
94 16.625 18 
95 16.645 18 
96 16.685 18 
97 16.735 18 
98 16.745 18 
99 16.725 18 
100 16.71 18 
101 16.75 18 
102 16.79 18 
103 16.84 18 
104 16.83 18 
105 16.8 18 
106 16.83 18 
107 16.775 18 
108 16.7 18 
109 16.645 18 
110 16.655 18 
111 16.665 18 
112 16.665 18 
113 16.715 18 
114 16.655 17 
115 16.615 17 
116 16.53 17 
117 16.57 17 
118 16.585 17 
119 16.595 17 
120 16.605 17 
121 16.575 18 
122 16.59 18 
123 16.58 18 
124 16.565 18 
125 16.53 18 
126 16.575 18 
127 16.605 18 
128 16.485 18 
129 16.415 18 
130 16.385 18 
131 16.41 18 
132 16.405 18 
133 16.43 18 
134 16.595 18 
135 16.61 19 
136 16.65 19 
137 16.63 19 
138 16.61 19 
139 16.545 19 
140 16.605 19 
141 16.695 19 
142 16.755 19 
143 16.76 19 
144 16.71 19 
145 16.635 19 
146 16.65 19 
147 16.69 19 
148 16.745 20 
