0 9.92 16 
1 10.455 16 
2 10.665 16 
3 11.055 16 
4 11.165 16 
5 11.77 16 
6 12.22 16 
7 12.535 16 
8 12.815 16 
9 13.15 16 
10 13.39 15 
11 13.835 16 
12 13.9 16 
13 14.12 16 
14 14.23 16 
15 14.375 16 
16 14.435 16 
17 14.565 16 
18 14.58 16 
19 14.63 16 
20 14.66 16 
21 14.71 17 
22 14.765 17 
23 14.78 17 
24 14.735 17 
25 14.68 16 
26 14.705 16 
27 14.695 16 
28 14.79 16 
29 14.765 16 
30 14.775 16 
31 14.755 16 
32 14.755 16 
33 14.77 16 
34 14.86 16 
35 14.81 16 
36 14.765 16 
37 14.76 16 
38 14.735 16 
39 14.79 16 
40 14.86 16 
41 14.915 16 
42 14.925 16 
43 15.0 16 
44 15.035 16 
45 15.05 16 
46 15.155 16 
47 15.18 16 
48 15.215 16 
49 15.33 16 
50 15.33 18 
51 15.295 18 
52 15.32 18 
53 15.325 18 
54 15.37 18 
55 15.355 18 
56 15.335 18 
57 15.4 18 
58 15.485 18 
59 15.525 18 
60 15.58 18 
61 15.6 18 
62 15.565 18 
63 15.66 18 
64 15.715 18 
65 15.8 18 
66 15.87 18 
67 15.97 18 
68 16.165 18 
69 16.215 18 
70 16.185 18 
71 16.3 18 
72 16.27 18 
73 16.48 18 
74 16.425 18 
75 16.4 18 
76 16.515 18 
77 16.625 18 
78 16.69 18 
79 16.63 18 
80 16.69 18 
81 16.75 18 
82 16.775 18 
83 16.805 18 
84 16.82 18 
85 16.735 18 
86 16.915 18 
87 16.94 18 
88 16.965 18 
89 17.075 18 
90 17.11 18 
91 17.225 19 
92 17.325 19 
93 17.295 19 
94 17.39 19 
95 17.4 18 
96 17.43 18 
97 17.46 18 
98 17.42 18 
99 17.445 18 
100 17.375 18 
101 17.445 19 
102 17.45 19 
103 17.475 19 
104 17.505 19 
105 17.52 19 
106 17.595 19 
107 17.63 19 
108 17.595 19 
109 17.615 19 
110 17.66 19 
111 17.685 19 
112 17.7 19 
113 17.79 19 
114 17.755 19 
115 17.8 19 
116 17.795 19 
117 17.885 19 
118 17.89 19 
119 17.885 19 
120 17.79 19 
121 17.835 19 
122 17.745 19 
123 17.705 19 
124 17.685 19 
125 17.69 19 
126 17.685 18 
127 17.735 19 
128 17.735 19 
129 17.77 19 
130 17.74 19 
131 17.75 19 
132 17.805 19 
133 17.765 19 
134 17.74 19 
135 17.685 19 
136 17.67 19 
137 17.715 19 
138 17.685 19 
139 17.775 19 
140 17.835 19 
141 17.79 19 
142 17.75 19 
143 17.805 19 
144 17.795 19 
145 17.835 19 
146 17.935 19 
147 18.07 19 
148 18.145 19 
149 18.115 19 
150 18.06 19 
151 18.085 19 
152 18.035 19 
153 18.06 19 
154 17.98 19 
155 17.935 19 
156 17.985 19 
157 17.905 19 
158 17.935 20 
