0 9.81 15 
1 10.415 15 
2 11.07 15 
3 11.5 16 
4 11.97 16 
5 12.495 16 
6 12.95 17 
7 13.055 16 
8 13.285 16 
9 13.59 16 
10 13.575 16 
11 13.725 16 
12 13.885 17 
13 14.045 17 
14 14.19 17 
15 14.51 17 
16 14.505 17 
17 14.54 17 
18 14.67 17 
19 14.805 17 
20 14.895 17 
21 14.96 17 
22 15.035 17 
23 15.065 17 
24 15.175 16 
25 15.175 16 
26 15.225 16 
27 15.295 17 
28 15.305 17 
29 15.32 17 
30 15.35 17 
31 15.335 17 
32 15.345 17 
33 15.365 17 
34 15.405 16 
35 15.305 17 
36 15.36 17 
37 15.435 17 
38 15.5 16 
39 15.535 16 
40 15.565 16 
41 15.545 16 
42 15.505 16 
43 15.41 16 
44 15.475 17 
45 15.415 17 
46 15.425 17 
47 15.475 17 
48 15.445 16 
49 15.47 16 
50 15.585 17 
51 15.61 17 
52 15.655 17 
53 15.595 17 
54 15.68 17 
55 15.685 17 
56 15.665 17 
57 15.64 17 
58 15.56 17 
59 15.635 17 
60 15.6 17 
61 15.535 17 
62 15.515 17 
63 15.54 17 
64 15.505 17 
65 15.63 17 
66 15.605 17 
67 15.595 17 
68 15.595 18 
69 15.455 18 
70 15.48 18 
71 15.585 18 
72 15.47 18 
73 15.6 18 
74 15.73 18 
75 15.765 18 
76 15.8 18 
77 15.865 18 
78 15.865 18 
79 15.945 18 
80 15.98 18 
81 16.01 18 
82 16.11 18 
83 16.17 18 
84 16.245 18 
85 16.245 18 
86 16.255 18 
87 16.335 18 
88 16.395 18 
89 16.435 18 
90 16.395 18 
91 16.395 18 
92 16.435 18 
93 16.435 18 
94 16.4 18 
95 16.455 18 
96 16.49 18 
97 16.515 18 
98 16.54 18 
99 16.575 18 
100 16.615 18 
101 16.67 18 
102 16.685 18 
103 16.685 18 
104 16.685 18 
105 16.715 18 
106 16.715 18 
107 16.72 18 
108 16.775 18 
109 16.755 18 
110 16.76 18 
111 16.72 18 
112 16.74 18 
113 16.825 18 
114 16.81 18 
115 16.785 18 
116 16.815 18 
117 16.81 18 
118 16.815 18 
119 16.88 18 
120 16.895 18 
121 16.875 18 
122 16.87 18 
123 16.92 18 
124 16.9 18 
125 16.9 18 
126 16.955 18 
127 17.02 18 
128 17.04 18 
129 16.96 19 
130 16.92 19 
131 16.93 18 
132 17.035 18 
133 17.075 18 
134 17.065 18 
135 17.035 19 
136 16.975 18 
137 16.935 18 
138 16.99 18 
139 16.98 18 
140 16.995 18 
141 16.975 18 
142 16.91 18 
143 16.98 18 
144 17.045 18 
145 16.995 18 
146 17.045 18 
147 17.14 19 
148 17.165 19 
149 17.105 18 
150 17.135 18 
151 17.16 18 
152 17.085 18 
153 17.035 18 
154 17.035 18 
155 17.075 18 
156 17.18 18 
157 17.175 18 
158 17.165 18 
159 17.2 18 
160 17.09 18 
161 17.055 18 
162 17.095 19 
163 17.14 19 
164 17.18 19 
165 17.195 18 
166 17.195 18 
167 17.195 18 
168 17.155 18 
169 17.22 18 
170 17.22 18 
171 17.19 18 
172 17.245 18 
173 17.29 19 
174 17.29 18 
175 17.28 18 
176 17.32 18 
177 17.34 18 
178 17.355 18 
179 17.335 18 
180 17.395 18 
181 17.4 19 
182 17.405 19 
183 17.475 19 
184 17.53 19 
185 17.575 19 
186 17.665 19 
187 17.705 19 
188 17.67 19 
189 17.655 19 
190 17.585 19 
191 17.67 19 
192 17.71 19 
193 17.7 19 
194 17.71 19 
195 17.665 19 
196 17.78 19 
197 17.805 19 
198 17.78 19 
199 17.825 19 
200 17.85 19 
201 17.925 19 
202 17.955 19 
203 17.995 19 
204 17.975 19 
205 17.97 19 
206 17.97 19 
207 17.985 19 
208 17.98 19 
209 17.965 19 
210 17.96 19 
211 17.925 19 
212 17.93 19 
213 17.905 19 
214 17.885 19 
215 17.855 19 
216 17.84 19 
217 17.9 19 
218 17.935 19 
219 17.96 19 
220 17.955 19 
221 17.95 19 
222 17.905 19 
223 17.875 19 
224 17.91 19 
225 17.96 19 
226 17.95 19 
227 17.99 19 
228 18.025 19 
229 18.035 19 
230 18.085 19 
231 18.14 19 
232 18.11 19 
233 18.115 19 
234 18.11 19 
235 18.06 19 
236 18.035 19 
237 18.045 19 
238 18.08 19 
239 18.105 19 
240 18.135 19 
241 18.215 19 
242 18.235 19 
243 18.27 19 
244 18.335 19 
245 18.35 19 
246 18.24 19 
247 18.32 19 
248 18.345 19 
249 18.405 19 
250 18.395 19 
251 18.425 19 
252 18.43 19 
253 18.345 19 
254 18.35 19 
255 18.34 19 
256 18.295 19 
257 18.305 19 
258 18.24 19 
259 18.225 19 
260 18.175 20 
