0 9.92 15 
1 10.395 15 
2 10.74 15 
3 11.13 14 
4 11.6 15 
5 11.815 15 
6 11.94 15 
7 12.095 15 
8 12.19 15 
9 12.36 15 
10 12.54 15 
11 12.605 16 
12 12.79 16 
13 12.905 15 
14 13.04 15 
15 13.2 15 
16 13.165 15 
17 13.2 15 
18 13.145 16 
19 13.2 16 
20 13.275 16 
21 13.43 16 
22 13.49 16 
23 13.625 16 
24 13.67 16 
25 13.73 16 
26 13.68 16 
27 13.645 16 
28 13.59 16 
29 13.55 16 
30 13.57 16 
31 13.61 16 
32 13.675 16 
33 13.79 16 
34 13.92 16 
35 13.97 16 
36 13.955 16 
37 14.17 16 
38 14.225 16 
39 14.295 16 
40 14.31 16 
41 14.475 17 
42 14.46 17 
43 14.65 17 
44 14.79 17 
45 14.855 17 
46 14.895 17 
47 14.975 17 
48 15.05 17 
49 15.08 17 
50 15.14 17 
51 15.18 17 
52 15.215 17 
53 15.155 17 
54 15.24 17 
55 15.46 17 
56 15.615 17 
57 15.555 17 
58 15.685 18 
59 15.8 18 
60 15.865 18 
61 15.98 18 
62 16.045 17 
63 16.0 17 
64 16.145 17 
65 16.275 17 
66 16.27 17 
67 16.365 17 
68 16.425 17 
69 16.495 17 
70 16.53 17 
71 16.58 17 
72 16.55 17 
73 16.475 17 
74 16.505 17 
75 16.57 18 
76 16.565 17 
77 16.505 17 
78 16.48 18 
79 16.495 17 
80 16.54 17 
81 16.515 17 
82 16.475 17 
83 16.465 17 
84 16.48 18 
85 16.485 18 
86 16.39 18 
87 16.42 18 
88 16.45 18 
89 16.52 18 
90 16.545 18 
91 16.64 18 
92 16.74 18 
93 16.76 18 
94 16.745 18 
95 16.765 18 
96 16.77 18 
97 16.84 18 
98 16.88 18 
99 16.93 18 
100 16.9 18 
101 16.905 18 
102 16.88 18 
103 16.89 18 
104 16.905 18 
105 16.905 18 
106 16.855 18 
107 16.85 18 
108 16.885 18 
109 16.84 18 
110 16.805 18 
111 16.82 18 
112 16.84 18 
113 16.855 18 
114 16.89 19 
115 16.895 19 
116 16.91 19 
117 16.965 19 
118 17.005 19 
119 17.035 19 
120 17.13 19 
121 17.17 19 
122 17.16 19 
123 17.22 19 
124 17.25 19 
125 17.255 19 
126 17.275 19 
127 17.415 19 
128 17.4 19 
129 17.445 19 
130 17.445 19 
131 17.57 19 
132 17.605 19 
133 17.605 19 
134 17.64 19 
135 17.64 20 
