0 10.38 15 
1 10.825 14 
2 11.025 14 
3 11.41 14 
4 11.68 14 
5 11.92 14 
6 12.155 15 
7 12.33 15 
8 12.39 14 
9 12.495 14 
10 12.745 15 
11 12.765 15 
12 12.97 15 
13 13.035 15 
14 13.07 15 
15 13.035 15 
16 13.185 15 
17 13.37 16 
18 13.335 16 
19 13.35 16 
20 13.44 16 
21 13.56 16 
22 13.495 16 
23 13.62 16 
24 13.72 16 
25 13.73 16 
26 13.77 16 
27 13.875 16 
28 14.025 16 
29 14.135 16 
30 14.14 16 
31 14.275 16 
32 14.395 16 
33 14.51 16 
34 14.635 16 
35 14.66 16 
36 14.745 16 
37 14.85 17 
38 14.77 16 
39 14.835 16 
40 14.835 16 
41 14.93 17 
42 14.99 16 
43 15.035 16 
44 15.01 16 
45 15.0 16 
46 15.005 16 
47 15.0 16 
48 14.945 16 
49 14.98 17 
50 15.015 17 
51 15.015 16 
52 15.045 16 
53 15.02 16 
54 15.12 16 
55 15.075 16 
56 15.08 16 
57 15.075 17 
58 15.185 17 
59 15.22 17 
60 15.16 17 
61 15.145 17 
62 15.135 17 
63 15.12 17 
64 15.14 17 
65 15.155 17 
66 15.225 17 
67 15.285 17 
68 15.275 17 
69 15.285 17 
70 15.31 18 
71 15.275 17 
72 15.28 17 
73 15.29 17 
74 15.29 17 
75 15.325 17 
76 15.31 17 
77 15.28 17 
78 15.36 17 
79 15.565 17 
80 15.695 17 
81 15.78 17 
82 15.84 17 
83 15.73 17 
84 15.755 17 
85 15.745 17 
86 15.81 18 
87 15.81 18 
88 15.9 18 
89 16.09 18 
90 16.065 18 
91 16.165 18 
92 16.23 18 
93 16.245 18 
94 16.315 18 
95 16.335 18 
96 16.45 18 
97 16.575 18 
98 16.62 18 
99 16.58 18 
100 16.585 18 
101 16.665 18 
102 16.65 18 
103 16.7 18 
104 16.665 18 
105 16.76 18 
106 16.81 18 
107 16.85 18 
108 16.975 18 
109 17.05 18 
110 17.16 18 
111 17.305 18 
112 17.42 18 
113 17.485 19 
114 17.425 19 
115 17.33 19 
116 17.43 19 
117 17.455 19 
118 17.59 19 
119 17.66 19 
120 17.715 19 
121 17.81 19 
122 17.76 19 
123 17.84 19 
124 17.84 19 
125 17.83 19 
126 17.82 19 
127 17.875 19 
128 17.875 19 
129 17.915 19 
130 17.905 19 
131 17.925 19 
132 17.95 19 
133 17.91 19 
134 17.935 19 
135 18.015 19 
136 17.98 19 
137 18.055 19 
138 18.05 19 
139 18.105 19 
140 18.065 19 
141 18.06 19 
142 18.085 19 
143 18.1 19 
144 18.135 20 
