0 10.27 15 
1 10.665 15 
2 11.075 15 
3 11.49 15 
4 11.71 15 
5 12.11 15 
6 12.325 16 
7 12.22 15 
8 12.435 15 
9 12.585 14 
10 12.545 14 
11 12.545 14 
12 12.655 14 
13 12.685 14 
14 12.74 14 
15 12.79 15 
16 12.86 14 
17 12.97 15 
18 12.99 15 
19 13.045 15 
20 13.125 15 
21 13.075 15 
22 13.165 16 
23 13.195 16 
24 13.275 16 
25 13.44 16 
26 13.45 16 
27 13.4 16 
28 13.435 16 
29 13.49 16 
30 13.515 16 
31 13.49 16 
32 13.43 16 
33 13.52 16 
34 13.6 16 
35 13.62 16 
36 13.63 16 
37 13.68 16 
38 13.62 16 
39 13.575 16 
40 13.645 16 
41 13.765 16 
42 13.85 16 
43 14.03 16 
44 14.055 16 
45 14.085 17 
46 14.19 16 
47 14.16 16 
48 14.265 16 
49 14.305 16 
50 14.315 16 
51 14.36 16 
52 14.38 16 
53 14.43 16 
54 14.495 16 
55 14.705 17 
56 14.805 17 
57 14.915 16 
58 14.975 16 
59 14.975 16 
60 15.045 16 
61 15.045 16 
62 15.005 17 
63 15.115 16 
64 15.195 16 
65 15.26 16 
66 15.3 16 
67 15.265 16 
68 15.205 16 
69 15.135 17 
70 15.345 17 
71 15.455 17 
72 15.425 17 
73 15.435 17 
74 15.25 17 
75 15.3 17 
76 15.355 17 
77 15.44 17 
78 15.51 17 
79 15.515 17 
80 15.475 17 
81 15.55 17 
82 15.635 17 
83 15.535 17 
84 15.635 17 
85 15.615 17 
86 15.68 17 
87 15.685 17 
88 15.735 17 
89 15.73 17 
90 15.88 17 
91 15.85 17 
92 15.86 17 
93 15.9 17 
94 15.92 17 
95 15.91 17 
96 15.955 17 
97 16.01 18 
98 16.05 18 
99 16.11 18 
100 16.145 18 
101 16.165 17 
102 16.18 18 
103 16.165 18 
104 16.23 18 
105 16.285 18 
106 16.295 18 
107 16.275 18 
108 16.21 18 
109 16.3 18 
110 16.345 18 
111 16.375 17 
112 16.475 17 
113 16.44 17 
114 16.41 18 
115 16.51 18 
116 16.505 17 
117 16.555 18 
118 16.595 17 
119 16.595 18 
120 16.59 18 
121 16.51 18 
122 16.635 18 
123 16.615 18 
124 16.66 18 
125 16.775 18 
126 16.78 18 
127 16.815 18 
128 16.815 18 
129 16.84 18 
130 16.795 18 
131 16.88 18 
132 16.915 18 
133 16.905 18 
134 16.965 18 
135 16.925 19 
136 16.865 18 
137 16.925 18 
138 16.87 18 
139 16.825 18 
140 16.85 18 
141 16.82 18 
142 16.83 18 
143 16.795 18 
144 16.88 18 
145 16.825 18 
146 16.815 18 
147 16.835 18 
148 16.845 18 
149 16.83 18 
150 16.835 18 
151 16.865 18 
152 16.935 18 
153 17.045 18 
154 17.065 18 
155 17.1 18 
156 17.115 18 
157 17.11 18 
158 17.085 18 
159 17.135 18 
160 17.17 19 
161 17.17 18 
162 17.25 18 
163 17.285 18 
164 17.315 18 
165 17.38 19 
166 17.505 19 
167 17.615 19 
168 17.61 19 
169 17.61 19 
170 17.58 19 
171 17.63 19 
172 17.685 19 
173 17.695 19 
174 17.7 19 
175 17.63 19 
176 17.635 19 
177 17.665 19 
178 17.78 19 
179 17.805 19 
180 17.735 19 
181 17.74 19 
182 17.65 19 
183 17.59 19 
184 17.525 19 
185 17.545 19 
186 17.605 19 
187 17.63 19 
188 17.74 19 
189 17.76 19 
190 17.69 19 
191 17.715 19 
192 17.805 19 
193 17.71 19 
194 17.73 19 
195 17.715 19 
196 17.81 19 
197 17.84 19 
198 17.835 19 
199 17.79 19 
200 17.76 19 
201 17.705 19 
202 17.715 18 
203 17.715 18 
204 17.725 18 
205 17.74 18 
206 17.7 18 
207 17.67 18 
208 17.61 18 
209 17.605 18 
210 17.62 18 
211 17.625 18 
212 17.59 18 
213 17.555 18 
214 17.51 18 
215 17.505 19 
216 17.505 19 
217 17.56 19 
218 17.575 19 
219 17.535 19 
220 17.53 19 
221 17.52 19 
222 17.45 19 
223 17.5 19 
224 17.545 19 
225 17.52 19 
226 17.615 19 
227 17.6 19 
228 17.645 19 
229 17.69 19 
230 17.64 19 
231 17.765 19 
232 17.79 19 
233 17.8 19 
234 17.89 19 
235 17.85 19 
236 17.88 19 
237 17.895 19 
238 17.955 19 
239 17.985 19 
240 18.065 20 
