0 9.96 15 
1 10.205 15 
2 10.395 15 
3 10.64 15 
4 10.9 15 
5 11.155 15 
6 11.55 15 
7 11.945 15 
8 12.415 16 
9 12.745 16 
10 13.11 16 
11 13.47 16 
12 13.75 16 
13 14.085 16 
14 14.13 16 
15 14.395 17 
16 14.435 16 
17 14.46 16 
18 14.475 16 
19 14.475 16 
20 14.585 16 
21 14.475 16 
22 14.5 16 
23 14.54 16 
24 14.64 16 
25 14.6 16 
26 14.645 16 
27 14.62 16 
28 14.6 17 
29 14.705 16 
30 14.765 16 
31 14.86 16 
32 14.795 16 
33 14.79 16 
34 14.915 16 
35 14.97 16 
36 14.98 16 
37 14.96 16 
38 14.955 16 
39 14.935 16 
40 14.955 16 
41 14.945 16 
42 15.02 16 
43 15.065 16 
44 15.115 16 
45 15.155 16 
46 15.17 16 
47 15.185 16 
48 15.185 16 
49 15.215 16 
50 15.22 16 
51 15.245 16 
52 15.28 16 
53 15.395 16 
54 15.39 16 
55 15.345 16 
56 15.42 16 
57 15.45 16 
58 15.515 17 
59 15.53 17 
60 15.5 17 
61 15.495 17 
62 15.515 17 
63 15.48 17 
64 15.47 17 
65 15.595 17 
66 15.56 17 
67 15.51 17 
68 15.59 17 
69 15.595 17 
70 15.595 17 
71 15.61 17 
72 15.685 17 
73 15.765 17 
74 15.795 17 
75 15.77 17 
76 15.83 17 
77 15.875 17 
78 15.915 17 
79 15.87 17 
80 15.855 17 
81 15.86 17 
82 15.845 17 
83 15.88 17 
84 15.875 17 
85 15.925 18 
86 15.94 18 
87 15.955 18 
88 15.895 18 
89 15.935 18 
90 16.035 18 
91 16.05 18 
92 16.025 18 
93 15.995 18 
94 16.015 18 
95 15.96 18 
96 16.025 18 
97 15.93 18 
98 15.945 18 
99 16.02 18 
100 15.96 18 
101 16.07 18 
102 16.185 18 
103 16.085 18 
104 16.02 18 
105 15.925 18 
106 15.875 18 
107 15.91 18 
108 15.98 18 
109 16.0 18 
110 15.975 18 
111 16.0 18 
112 16.0 18 
113 15.99 18 
114 16.04 18 
115 16.05 18 
116 16.09 18 
117 16.17 18 
118 16.24 18 
119 16.36 18 
120 16.44 18 
121 16.525 18 
122 16.52 18 
123 16.595 18 
124 16.645 18 
125 16.68 18 
126 16.86 18 
127 16.84 18 
128 16.85 19 
129 16.875 18 
130 16.88 18 
131 16.93 18 
132 16.93 18 
133 16.86 18 
134 16.925 19 
135 16.955 19 
136 17.015 19 
137 17.19 19 
138 17.15 19 
139 17.155 19 
140 17.365 19 
141 17.36 19 
142 17.345 19 
143 17.35 19 
144 17.235 19 
145 17.175 19 
146 17.24 19 
147 17.31 19 
148 17.365 19 
149 17.51 19 
150 17.52 19 
151 17.64 19 
152 17.78 19 
153 17.86 19 
154 17.89 19 
155 17.975 19 
156 18.015 19 
157 18.0 19 
158 18.035 19 
159 18.11 19 
160 18.065 19 
161 18.01 19 
162 17.93 19 
163 17.885 19 
164 17.885 19 
165 17.905 19 
166 17.965 19 
167 17.925 19 
168 17.88 19 
169 17.9 19 
170 17.93 19 
171 17.92 19 
172 17.93 19 
173 17.96 19 
174 17.96 19 
175 18.07 19 
176 18.06 19 
177 18.045 19 
178 18.045 20 
