0 10.17 16 
1 10.685 16 
2 11.25 16 
3 11.81 16 
4 12.185 16 
5 12.56 16 
6 12.95 16 
7 13.045 16 
8 13.385 16 
9 13.735 16 
10 13.88 16 
11 14.16 16 
12 14.28 16 
13 14.295 16 
14 14.5 16 
15 14.67 16 
16 14.63 16 
17 14.77 16 
18 14.75 16 
19 14.83 16 
20 14.975 17 
21 15.03 17 
22 15.145 17 
23 15.295 17 
24 15.315 17 
25 15.49 17 
26 15.545 17 
27 15.525 17 
28 15.555 17 
29 15.585 17 
30 15.59 17 
31 15.705 17 
32 15.705 17 
33 15.72 17 
34 15.735 17 
35 15.67 17 
36 15.765 17 
37 15.765 17 
38 15.77 17 
39 15.82 17 
40 15.79 17 
41 15.855 17 
42 15.865 17 
43 15.85 17 
44 15.92 17 
45 15.965 17 
46 15.975 17 
47 16.0 17 
48 16.065 17 
49 16.07 17 
50 16.015 17 
51 16.02 17 
52 16.095 17 
53 16.12 17 
54 16.105 17 
55 16.215 17 
56 16.26 17 
57 16.18 17 
58 16.21 17 
59 16.22 17 
60 16.325 18 
61 16.34 18 
62 16.325 18 
63 16.32 18 
64 16.34 18 
65 16.345 18 
66 16.445 18 
67 16.385 18 
68 16.31 18 
69 16.325 18 
70 16.345 18 
71 16.355 18 
72 16.445 18 
73 16.545 18 
74 16.58 18 
75 16.665 18 
76 16.64 18 
77 16.61 18 
78 16.71 18 
79 16.69 18 
80 16.8 18 
81 16.87 18 
82 16.99 18 
83 16.965 18 
84 16.98 18 
85 16.95 18 
86 16.93 18 
87 17.005 18 
88 17.075 18 
89 17.04 18 
90 17.08 18 
91 17.15 18 
92 17.23 18 
93 17.26 18 
94 17.305 18 
95 17.315 18 
96 17.355 18 
97 17.38 18 
98 17.45 18 
99 17.47 18 
100 17.49 18 
101 17.47 19 
102 17.55 19 
103 17.605 19 
104 17.57 18 
105 17.57 18 
106 17.57 18 
107 17.65 19 
108 17.635 18 
109 17.695 18 
110 17.685 18 
111 17.695 19 
112 17.645 18 
113 17.635 18 
114 17.595 18 
115 17.54 18 
116 17.525 19 
117 17.515 19 
118 17.525 19 
119 17.61 19 
120 17.585 18 
121 17.6 18 
122 17.61 18 
123 17.625 19 
124 17.65 19 
125 17.605 19 
126 17.695 19 
127 17.705 19 
128 17.675 19 
129 17.74 19 
130 17.82 19 
131 17.815 19 
132 17.84 19 
133 17.81 19 
134 17.79 19 
135 17.785 19 
136 17.855 19 
137 17.85 19 
138 17.845 19 
139 17.925 19 
140 17.935 19 
141 17.855 19 
142 17.8 19 
143 17.825 19 
144 17.81 19 
145 17.785 19 
146 17.78 19 
147 17.76 19 
148 17.75 19 
149 17.735 19 
150 17.78 19 
151 17.695 19 
152 17.725 19 
153 17.755 19 
154 17.78 19 
155 17.83 19 
156 17.81 19 
157 17.77 19 
158 17.715 19 
159 17.7 19 
160 17.73 19 
161 17.82 19 
162 17.805 19 
163 17.82 19 
164 17.89 19 
165 17.97 19 
166 17.92 19 
167 17.91 19 
168 17.97 19 
169 17.98 19 
170 17.975 19 
171 17.99 19 
172 17.915 20 
