0 9.91 16 
1 10.57 16 
2 11.06 16 
3 11.295 16 
4 11.795 16 
5 12.19 16 
6 12.615 16 
7 12.95 16 
8 12.98 16 
9 13.105 16 
10 13.35 16 
11 13.535 16 
12 13.42 16 
13 13.565 16 
14 13.83 16 
15 14.0 16 
16 14.275 16 
17 14.28 16 
18 14.48 16 
19 14.455 16 
20 14.525 16 
21 14.595 16 
22 14.775 16 
23 14.73 17 
24 14.835 17 
25 14.86 17 
26 14.98 17 
27 14.97 17 
28 15.205 18 
29 15.345 18 
30 15.475 18 
31 15.64 18 
32 15.705 18 
33 15.82 18 
34 15.88 18 
35 16.05 18 
36 16.0 18 
37 16.12 18 
38 16.265 18 
39 16.415 18 
40 16.385 18 
41 16.41 18 
42 16.365 18 
43 16.44 19 
44 16.555 19 
45 16.645 19 
46 16.56 19 
47 16.64 19 
48 16.58 19 
49 16.645 19 
50 16.55 19 
51 16.65 19 
52 16.685 18 
53 16.5 18 
54 16.595 18 
55 16.605 19 
56 16.57 18 
57 16.625 19 
58 16.645 19 
59 16.57 19 
60 16.705 19 
61 16.815 19 
62 16.9 19 
63 16.985 19 
64 17.02 19 
65 17.09 19 
66 17.155 19 
67 17.175 19 
68 17.18 19 
69 17.19 19 
70 17.255 19 
71 17.245 19 
72 17.245 19 
73 17.44 19 
74 17.51 19 
75 17.545 19 
76 17.595 19 
77 17.685 19 
78 17.7 19 
79 17.725 19 
80 17.76 19 
81 17.805 19 
82 17.85 19 
83 17.845 19 
84 17.815 19 
85 17.76 19 
86 17.77 19 
87 17.81 19 
88 17.855 19 
89 17.81 19 
90 17.825 19 
91 17.795 19 
92 17.81 19 
93 17.8 19 
94 17.78 19 
95 17.75 19 
96 17.755 19 
97 17.745 19 
98 17.775 19 
99 17.815 19 
100 17.89 19 
101 17.845 19 
102 17.865 19 
103 17.83 19 
104 17.795 19 
105 17.765 19 
106 17.695 19 
107 17.695 19 
108 17.715 19 
109 17.685 19 
110 17.65 19 
111 17.66 19 
112 17.665 19 
113 17.815 19 
114 17.865 19 
115 17.895 19 
116 17.93 19 
117 17.94 19 
118 18.03 19 
119 18.04 19 
120 18.0 19 
121 18.055 19 
122 18.05 19 
123 18.06 19 
124 18.03 19 
125 18.005 19 
126 18.05 19 
127 18.04 19 
128 17.995 19 
129 18.02 19 
130 17.935 19 
131 18.035 19 
132 17.96 19 
133 17.92 20 
