0 10.08 16 
1 10.71 16 
2 11.115 16 
3 11.725 16 
4 12.275 16 
5 12.52 16 
6 12.95 17 
7 13.42 17 
8 13.525 17 
9 13.695 16 
10 14.015 16 
11 14.035 16 
12 14.13 16 
13 14.24 17 
14 14.365 16 
15 14.585 16 
16 14.675 17 
17 14.795 17 
18 14.81 16 
19 14.925 16 
20 14.945 16 
21 14.985 16 
22 15.035 16 
23 15.03 17 
24 15.035 16 
25 15.05 16 
26 15.015 16 
27 15.1 16 
28 15.12 16 
29 15.16 16 
30 15.105 16 
31 15.175 16 
32 15.235 17 
33 15.28 17 
34 15.3 17 
35 15.31 17 
36 15.335 17 
37 15.445 17 
38 15.505 17 
39 15.615 17 
40 15.615 17 
41 15.7 17 
42 15.855 17 
43 15.775 17 
44 15.81 17 
45 15.955 17 
46 15.965 17 
47 15.975 17 
48 15.945 17 
49 16.03 18 
50 15.985 18 
51 16.02 18 
52 16.075 18 
53 16.08 18 
54 16.115 18 
55 16.05 17 
56 16.1 17 
57 16.055 17 
58 16.09 17 
59 16.075 17 
60 16.065 17 
61 16.03 17 
62 16.025 17 
63 16.085 17 
64 16.165 17 
65 16.21 18 
66 16.175 17 
67 16.2 17 
68 16.205 17 
69 16.225 17 
70 16.285 17 
71 16.29 17 
72 16.325 17 
73 16.275 17 
74 16.27 18 
75 16.27 18 
76 16.275 17 
77 16.275 18 
78 16.345 18 
79 16.41 18 
80 16.455 18 
81 16.445 18 
82 16.505 18 
83 16.53 18 
84 16.45 18 
85 16.565 18 
86 16.61 18 
87 16.6 18 
88 16.645 18 
89 16.645 18 
90 16.66 18 
91 16.735 18 
92 16.8 19 
93 16.84 19 
94 16.785 19 
95 16.835 19 
96 16.835 19 
97 16.9 19 
98 16.9 19 
99 16.855 19 
100 16.87 19 
101 16.915 19 
102 16.905 19 
103 16.88 19 
104 16.82 19 
105 16.83 19 
106 16.86 19 
107 16.9 19 
108 16.915 19 
109 16.985 18 
110 17.115 19 
111 17.07 19 
112 17.045 19 
113 17.1 19 
114 17.11 19 
115 17.155 19 
116 17.095 19 
117 17.085 19 
118 17.16 19 
119 17.19 19 
120 17.175 18 
121 17.165 18 
122 17.15 18 
123 17.18 18 
124 17.155 18 
125 17.2 18 
126 17.25 18 
127 17.305 18 
128 17.36 18 
129 17.395 19 
130 17.39 18 
131 17.4 18 
132 17.475 18 
133 17.515 19 
134 17.565 19 
135 17.515 19 
136 17.525 19 
137 17.53 19 
138 17.53 19 
139 17.49 18 
140 17.505 18 
141 17.6 18 
142 17.6 18 
143 17.64 18 
144 17.645 18 
145 17.69 18 
146 17.665 18 
147 17.64 18 
148 17.62 19 
149 17.665 19 
150 17.615 19 
151 17.58 18 
152 17.58 18 
153 17.58 18 
154 17.56 18 
155 17.585 18 
156 17.565 19 
157 17.615 19 
158 17.595 19 
159 17.535 19 
160 17.53 19 
161 17.555 19 
162 17.675 19 
163 17.655 19 
164 17.715 19 
165 17.75 19 
166 17.77 19 
167 17.84 19 
168 17.9 19 
169 17.955 19 
170 17.95 19 
171 18.045 19 
172 18.01 19 
173 18.035 19 
174 18.06 19 
175 17.995 19 
176 18.0 19 
177 18.0 19 
178 18.02 19 
179 18.015 19 
180 17.98 19 
181 17.94 19 
182 18.01 19 
183 18.015 19 
184 17.995 19 
185 18.0 19 
186 17.995 19 
187 17.955 19 
188 17.985 19 
189 17.985 19 
190 17.955 19 
191 17.975 19 
192 17.94 19 
193 17.895 19 
194 17.935 19 
195 17.94 19 
196 17.95 19 
197 17.935 19 
198 17.88 19 
199 17.805 19 
200 17.835 19 
201 17.82 19 
202 17.765 19 
203 17.835 19 
204 17.875 19 
205 17.895 19 
206 17.885 19 
207 17.855 19 
208 17.845 19 
209 17.835 19 
210 17.845 19 
211 17.82 19 
212 17.83 19 
213 17.83 19 
214 17.84 19 
215 17.955 19 
216 17.985 19 
217 18.02 19 
218 18.03 19 
219 17.985 19 
220 18.03 19 
221 17.97 19 
222 17.96 19 
223 17.955 19 
224 18.025 19 
225 18.01 19 
226 18.045 19 
227 17.935 19 
228 17.865 19 
229 17.935 19 
230 17.97 20 
