0 9.73 16 
1 10.35 16 
2 10.73 17 
3 11.535 17 
4 11.94 16 
5 12.48 16 
6 13.085 16 
7 13.7 16 
8 14.065 17 
9 14.095 17 
10 14.195 17 
11 14.535 17 
12 14.685 16 
13 14.845 16 
14 14.94 16 
15 14.945 16 
16 14.955 16 
17 14.99 16 
18 15.0 16 
19 15.0 16 
20 15.055 17 
21 15.015 16 
22 14.92 16 
23 15.04 16 
24 15.085 16 
25 15.175 17 
26 15.15 17 
27 15.195 16 
28 15.24 16 
29 15.155 16 
30 15.19 16 
31 15.29 17 
32 15.395 16 
33 15.435 16 
34 15.39 17 
35 15.44 16 
36 15.5 16 
37 15.43 16 
38 15.46 16 
39 15.47 16 
40 15.505 17 
41 15.55 17 
42 15.475 17 
43 15.465 17 
44 15.34 17 
45 15.285 17 
46 15.43 16 
47 15.58 16 
48 15.64 17 
49 15.63 17 
50 15.595 17 
51 15.59 17 
52 15.615 17 
53 15.59 17 
54 15.665 17 
55 15.665 17 
56 15.755 17 
57 15.835 17 
58 15.86 17 
59 15.865 17 
60 15.865 17 
61 15.875 18 
62 15.865 17 
63 15.88 17 
64 15.855 17 
65 15.835 17 
66 15.81 17 
67 15.84 17 
68 15.88 17 
69 15.895 17 
70 15.87 18 
71 15.835 18 
72 15.96 17 
73 15.935 17 
74 15.945 17 
75 16.015 17 
76 16.005 17 
77 16.055 17 
78 16.025 17 
79 16.03 18 
80 16.08 18 
81 16.09 18 
82 16.07 18 
83 16.06 18 
84 16.035 18 
85 16.0 18 
86 16.03 18 
87 16.045 18 
88 16.11 18 
89 16.185 18 
90 16.28 18 
91 16.27 17 
92 16.295 17 
93 16.34 17 
94 16.36 17 
95 16.42 17 
96 16.475 17 
97 16.52 17 
98 16.45 17 
99 16.43 17 
100 16.37 17 
101 16.365 18 
102 16.385 18 
103 16.425 18 
104 16.445 18 
105 16.465 18 
106 16.54 19 
107 16.605 19 
108 16.6 18 
109 16.66 18 
110 16.705 18 
111 16.825 18 
112 16.795 18 
113 16.825 18 
114 16.76 18 
115 16.725 18 
116 16.705 18 
117 16.755 18 
118 16.75 18 
119 16.815 18 
120 16.825 19 
121 16.855 19 
122 16.84 19 
123 16.82 19 
124 16.83 19 
125 16.815 19 
126 16.94 19 
127 17.035 19 
128 17.05 19 
129 17.0 19 
130 17.06 19 
131 17.105 19 
132 17.155 19 
133 17.185 19 
134 17.155 19 
135 17.165 19 
136 17.215 19 
137 17.185 19 
138 17.27 19 
139 17.29 19 
140 17.24 19 
141 17.165 19 
142 17.18 18 
143 17.195 19 
144 17.195 18 
145 17.14 18 
146 17.13 18 
147 17.035 18 
148 17.085 18 
149 17.075 19 
150 17.025 18 
151 16.96 18 
152 17.01 18 
153 17.03 18 
154 17.0 18 
155 17.1 18 
156 17.165 18 
157 17.175 19 
158 17.17 19 
159 17.21 19 
160 17.105 19 
161 17.03 19 
162 17.12 19 
163 17.12 19 
164 17.14 19 
165 17.09 19 
166 17.16 19 
167 17.21 19 
168 17.235 19 
169 17.355 19 
170 17.39 19 
171 17.445 19 
172 17.43 19 
173 17.435 19 
174 17.515 19 
175 17.59 19 
176 17.62 19 
177 17.67 19 
178 17.575 19 
179 17.57 19 
180 17.55 19 
181 17.645 19 
182 17.765 19 
183 17.58 19 
184 17.625 19 
185 17.745 19 
186 17.895 19 
187 17.91 19 
188 17.92 19 
189 18.105 19 
190 18.08 19 
191 18.11 19 
192 18.16 19 
193 18.215 19 
194 18.2 19 
195 18.25 19 
196 18.325 19 
197 18.365 19 
198 18.45 19 
199 18.46 19 
200 18.36 19 
201 18.415 19 
202 18.465 19 
203 18.49 19 
204 18.48 19 
205 18.48 19 
206 18.485 19 
207 18.58 19 
208 18.615 20 
