0 10.14 15 
1 10.985 15 
2 11.22 15 
3 11.45 15 
4 11.985 15 
5 12.385 15 
6 12.675 15 
7 13.045 15 
8 13.34 15 
9 13.48 15 
10 13.63 15 
11 13.795 15 
12 13.935 15 
13 14.105 15 
14 14.16 16 
15 14.2 16 
16 14.26 16 
17 14.3 16 
18 14.485 16 
19 14.555 16 
20 14.635 16 
21 14.58 16 
22 14.635 16 
23 14.84 16 
24 14.875 16 
25 14.94 16 
26 15.02 16 
27 15.01 16 
28 15.025 16 
29 14.965 16 
30 14.98 16 
31 14.99 16 
32 15.025 16 
33 15.055 17 
34 15.02 17 
35 15.01 17 
36 15.08 17 
37 15.14 17 
38 15.125 17 
39 15.215 17 
40 15.25 17 
41 15.38 17 
42 15.375 17 
43 15.39 17 
44 15.34 17 
45 15.405 17 
46 15.405 17 
47 15.48 17 
48 15.62 17 
49 15.625 17 
50 15.61 18 
51 15.66 18 
52 15.76 18 
53 15.69 18 
54 15.605 17 
55 15.67 17 
56 15.735 17 
57 15.79 17 
58 15.92 17 
59 15.92 17 
60 15.965 17 
61 16.005 17 
62 16.09 17 
63 16.135 18 
64 16.21 17 
65 16.205 17 
66 16.205 17 
67 16.23 17 
68 16.22 18 
69 16.245 17 
70 16.245 17 
71 16.26 17 
72 16.315 17 
73 16.365 17 
74 16.335 18 
75 16.355 17 
76 16.355 17 
77 16.37 17 
78 16.38 17 
79 16.375 17 
80 16.36 17 
81 16.4 17 
82 16.435 17 
83 16.395 18 
84 16.375 18 
85 16.325 17 
86 16.33 17 
87 16.33 18 
88 16.36 18 
89 16.4 18 
90 16.335 18 
91 16.38 18 
92 16.315 18 
93 16.34 18 
94 16.415 18 
95 16.485 18 
96 16.49 18 
97 16.445 18 
98 16.535 19 
99 16.485 18 
100 16.505 18 
101 16.615 18 
102 16.635 18 
103 16.615 18 
104 16.605 18 
105 16.625 18 
106 16.66 18 
107 16.635 18 
108 16.64 18 
109 16.6 18 
110 16.565 18 
111 16.6 18 
112 16.56 18 
113 16.565 18 
114 16.56 18 
115 16.575 18 
116 16.56 18 
117 16.615 18 
118 16.575 18 
119 16.54 18 
120 16.535 18 
121 16.575 18 
122 16.55 18 
123 16.53 18 
124 16.53 18 
125 16.515 18 
126 16.6 18 
127 16.62 18 
128 16.67 18 
129 16.68 18 
130 16.755 18 
131 16.72 18 
132 16.865 18 
133 16.905 18 
134 16.945 18 
135 16.89 18 
136 16.87 18 
137 16.915 18 
138 16.925 18 
139 17.01 18 
140 17.01 18 
141 16.945 18 
142 16.94 18 
143 16.865 18 
144 16.925 18 
145 16.94 18 
146 16.925 18 
147 16.91 18 
148 16.855 18 
149 16.91 18 
150 16.895 18 
151 17.055 18 
152 17.01 18 
153 17.075 18 
154 16.965 18 
155 16.96 18 
156 17.005 18 
157 16.98 18 
158 16.875 18 
159 16.84 18 
160 16.995 18 
161 16.965 18 
162 16.97 18 
163 16.955 18 
164 16.94 18 
165 16.955 18 
166 16.93 18 
167 16.915 18 
168 16.9 18 
169 16.98 19 
170 16.915 19 
171 16.935 18 
172 17.085 18 
173 17.125 19 
174 17.045 18 
175 17.095 18 
176 17.08 19 
177 17.11 19 
178 17.15 18 
179 17.2 18 
180 17.235 18 
181 17.305 18 
182 17.2 18 
183 17.15 18 
184 17.06 18 
185 17.055 18 
186 17.05 18 
187 17.135 18 
188 17.2 18 
189 17.26 18 
190 17.35 18 
191 17.345 18 
192 17.35 20 
