0 9.9 15 
1 10.395 16 
2 10.53 16 
3 11.08 16 
4 11.665 16 
5 12.125 16 
6 12.605 16 
7 13.095 16 
8 13.545 17 
9 13.615 16 
10 13.86 16 
11 14.05 16 
12 14.41 16 
13 14.39 17 
14 14.61 17 
15 14.805 17 
16 14.95 17 
17 15.055 17 
18 15.245 17 
19 15.505 17 
20 15.585 17 
21 15.605 17 
22 15.64 17 
23 15.705 17 
24 15.815 17 
25 15.875 17 
26 15.88 17 
27 15.9 17 
28 15.945 17 
29 16.025 17 
30 16.075 17 
31 16.14 17 
32 16.165 18 
33 16.2 18 
34 16.205 18 
35 16.175 18 
36 16.175 17 
37 16.085 17 
38 16.16 17 
39 16.12 17 
40 16.155 17 
41 16.16 18 
42 16.13 18 
43 16.24 18 
44 16.14 17 
45 16.175 17 
46 16.105 17 
47 16.185 17 
48 16.295 17 
49 16.315 17 
50 16.3 17 
51 16.26 17 
52 16.32 17 
53 16.295 17 
54 16.325 17 
55 16.29 18 
56 16.305 18 
57 16.35 18 
58 16.41 18 
59 16.415 18 
60 16.375 18 
61 16.25 18 
62 16.215 18 
63 16.225 18 
64 16.3 18 
65 16.3 18 
66 16.37 18 
67 16.325 18 
68 16.37 17 
69 16.485 17 
70 16.485 17 
71 16.54 17 
72 16.59 17 
73 16.575 17 
74 16.625 17 
75 16.635 17 
76 16.72 17 
77 16.68 17 
78 16.63 17 
79 16.58 17 
80 16.635 17 
81 16.585 17 
82 16.635 17 
83 16.655 18 
84 16.68 18 
85 16.695 18 
86 16.735 18 
87 16.7 18 
88 16.73 18 
89 16.715 18 
90 16.72 17 
91 16.695 17 
92 16.72 18 
93 16.75 18 
94 16.795 18 
95 16.79 17 
96 16.82 18 
97 16.82 18 
98 16.81 18 
99 16.78 18 
100 16.795 17 
101 16.74 18 
102 16.715 18 
103 16.73 18 
104 16.76 18 
105 16.79 18 
106 16.84 18 
107 16.75 18 
108 16.72 18 
109 16.75 18 
110 16.78 18 
111 16.83 18 
112 16.745 18 
113 16.79 18 
114 16.795 18 
115 16.905 18 
116 16.9 18 
117 16.89 18 
118 16.845 18 
119 16.915 18 
120 16.94 18 
121 16.885 18 
122 16.895 18 
123 16.96 18 
124 16.98 18 
125 16.95 18 
126 16.995 18 
127 16.935 18 
128 16.975 18 
129 16.92 18 
130 16.935 18 
131 16.94 18 
132 16.925 18 
133 16.965 18 
134 16.96 18 
135 16.93 18 
136 16.875 18 
137 16.865 19 
138 16.87 19 
139 16.9 19 
140 16.84 19 
141 16.885 19 
142 16.795 19 
143 16.74 19 
144 16.745 19 
145 16.72 19 
146 16.755 19 
147 16.675 19 
148 16.67 19 
149 16.6 19 
150 16.6 19 
151 16.585 18 
152 16.57 18 
153 16.565 18 
154 16.565 18 
155 16.67 18 
156 16.69 18 
157 16.685 18 
158 16.64 18 
159 16.7 18 
160 16.71 18 
161 16.67 18 
162 16.71 18 
163 16.695 18 
164 16.735 18 
165 16.735 18 
166 16.7 18 
167 16.7 18 
168 16.725 18 
169 16.855 18 
170 16.88 18 
171 16.88 18 
172 16.885 18 
173 16.94 18 
174 16.965 18 
175 16.95 18 
176 17.04 18 
177 17.03 19 
178 17.065 19 
179 17.055 19 
180 17.04 19 
181 17.045 19 
182 17.05 19 
183 17.11 19 
184 17.12 19 
185 17.145 19 
186 17.21 19 
187 17.225 19 
188 17.365 19 
189 17.435 19 
190 17.4 19 
191 17.425 19 
192 17.36 19 
193 17.405 19 
194 17.47 19 
195 17.47 19 
196 17.525 19 
197 17.53 19 
198 17.565 19 
199 17.57 19 
200 17.66 19 
201 17.735 19 
202 17.675 19 
203 17.68 19 
204 17.83 19 
205 17.8 19 
206 17.85 20 
