0 9.83 15 
1 10.345 15 
2 10.79 15 
3 11.115 15 
4 11.57 15 
5 11.85 15 
6 12.18 15 
7 12.45 15 
8 12.69 15 
9 12.605 15 
10 12.865 15 
11 12.865 15 
12 12.99 15 
13 13.33 15 
14 13.345 15 
15 13.385 15 
16 13.49 15 
17 13.675 15 
18 13.85 15 
19 13.915 15 
20 14.01 16 
21 13.94 16 
22 14.055 16 
23 14.27 16 
24 14.24 16 
25 14.25 16 
26 14.21 16 
27 14.295 16 
28 14.375 16 
29 14.31 16 
30 14.47 16 
31 14.49 16 
32 14.515 16 
33 14.525 16 
34 14.535 16 
35 14.565 16 
36 14.74 16 
37 14.82 16 
38 14.86 17 
39 14.96 17 
40 14.94 17 
41 15.165 17 
42 15.21 17 
43 15.335 17 
44 15.315 17 
45 15.375 18 
46 15.495 18 
47 15.445 18 
48 15.485 18 
49 15.595 18 
50 15.725 18 
51 15.835 18 
52 15.895 18 
53 15.9 18 
54 15.845 18 
55 15.975 18 
56 15.975 18 
57 16.06 18 
58 15.975 18 
59 15.955 18 
60 15.95 18 
61 15.845 18 
62 15.905 18 
63 15.945 18 
64 16.085 18 
65 16.1 18 
66 16.21 18 
67 16.335 18 
68 16.37 18 
69 16.35 18 
70 16.385 18 
71 16.445 18 
72 16.58 18 
73 16.575 18 
74 16.595 18 
75 16.565 18 
76 16.565 18 
77 16.575 18 
78 16.675 18 
79 16.685 18 
80 16.665 19 
81 16.68 19 
82 16.76 19 
83 16.81 19 
84 16.775 19 
85 16.835 19 
86 16.89 19 
87 16.855 19 
88 16.855 19 
89 16.94 19 
90 16.855 19 
91 16.885 19 
92 16.87 19 
93 16.895 19 
94 16.96 19 
95 16.915 19 
96 16.94 19 
97 16.905 19 
98 16.98 19 
99 16.97 19 
100 17.05 19 
101 17.11 19 
102 17.1 19 
103 17.1 19 
104 17.095 19 
105 17.085 19 
106 17.09 19 
107 17.12 19 
108 17.095 19 
109 17.07 19 
110 17.155 19 
111 17.185 19 
112 17.14 19 
113 17.055 19 
114 17.005 19 
115 17.035 19 
116 17.08 19 
117 17.1 19 
118 17.16 19 
119 17.15 19 
120 17.145 19 
121 17.205 19 
122 17.295 19 
123 17.305 19 
124 17.42 19 
125 17.44 19 
126 17.49 19 
127 17.575 19 
128 17.585 19 
129 17.58 19 
130 17.58 19 
131 17.605 19 
132 17.64 19 
133 17.725 19 
134 17.81 19 
135 17.785 19 
136 17.725 19 
137 17.785 19 
138 17.775 19 
139 17.75 19 
140 17.78 19 
141 17.82 19 
142 17.87 19 
143 17.865 19 
144 17.88 19 
145 17.875 19 
146 17.83 19 
147 17.815 19 
148 17.83 19 
149 17.84 20 
