0 9.66 16 
1 10.145 16 
2 10.415 16 
3 10.935 16 
4 11.32 16 
5 11.485 16 
6 11.675 16 
7 11.87 16 
8 12.125 16 
9 12.27 16 
10 12.515 16 
11 12.68 16 
12 13.055 16 
13 13.41 16 
14 13.925 17 
15 14.085 16 
16 14.365 16 
17 14.435 16 
18 14.475 16 
19 14.63 16 
20 14.79 17 
21 15.195 17 
22 15.165 17 
23 15.27 17 
24 15.315 17 
25 15.225 17 
26 15.315 17 
27 15.255 17 
28 15.32 17 
29 15.385 17 
30 15.335 17 
31 15.415 17 
32 15.545 17 
33 15.46 17 
34 15.495 17 
35 15.505 17 
36 15.56 17 
37 15.67 17 
38 15.62 17 
39 15.675 17 
40 15.67 17 
41 15.61 17 
42 15.585 17 
43 15.665 17 
44 15.63 17 
45 15.75 17 
46 15.835 17 
47 15.765 17 
48 15.8 17 
49 15.84 17 
50 15.835 17 
51 15.855 17 
52 15.925 17 
53 15.91 17 
54 15.95 17 
55 16.055 17 
56 16.05 17 
57 16.0 17 
58 16.045 18 
59 16.105 18 
60 16.1 17 
61 16.105 18 
62 16.095 18 
63 16.075 17 
64 16.105 17 
65 16.165 17 
66 16.22 17 
67 16.315 17 
68 16.23 18 
69 16.2 18 
70 16.18 18 
71 16.165 17 
72 16.13 18 
73 16.175 18 
74 16.225 18 
75 16.215 18 
76 16.25 18 
77 16.285 18 
78 16.335 18 
79 16.385 18 
80 16.45 18 
81 16.465 18 
82 16.44 18 
83 16.425 18 
84 16.47 18 
85 16.48 18 
86 16.515 18 
87 16.525 18 
88 16.515 18 
89 16.5 18 
90 16.585 18 
91 16.625 18 
92 16.665 18 
93 16.67 18 
94 16.63 18 
95 16.645 18 
96 16.6 18 
97 16.65 18 
98 16.675 18 
99 16.725 18 
100 16.71 18 
101 16.81 18 
102 16.82 18 
103 16.805 18 
104 16.86 18 
105 16.845 18 
106 16.885 18 
107 16.94 18 
108 16.95 18 
109 16.895 18 
110 16.9 18 
111 16.945 18 
112 16.95 19 
113 16.97 18 
114 16.995 18 
115 17.0 18 
116 17.025 18 
117 17.025 18 
118 17.045 18 
119 17.09 18 
120 17.025 18 
121 17.095 18 
122 17.11 18 
123 17.08 18 
124 17.25 18 
125 17.265 18 
126 17.4 18 
127 17.4 18 
128 17.375 18 
129 17.38 18 
130 17.45 18 
131 17.375 18 
132 17.445 18 
133 17.465 18 
134 17.46 18 
135 17.42 18 
136 17.415 18 
137 17.375 18 
138 17.45 18 
139 17.56 18 
140 17.525 18 
141 17.535 18 
142 17.565 18 
143 17.575 18 
144 17.56 18 
145 17.6 19 
146 17.64 19 
147 17.625 19 
148 17.635 19 
149 17.69 19 
150 17.76 19 
151 17.74 19 
152 17.805 19 
153 17.815 19 
154 17.825 19 
155 17.835 19 
156 17.84 19 
157 17.83 19 
158 17.845 19 
159 17.87 19 
160 17.84 19 
161 17.85 19 
162 17.795 19 
163 17.8 19 
164 17.8 19 
165 17.775 19 
166 17.81 19 
167 17.81 19 
168 17.79 19 
169 17.775 19 
170 17.7 19 
171 17.71 19 
172 17.76 19 
173 17.715 19 
174 17.75 19 
175 17.685 19 
176 17.71 19 
177 17.67 19 
178 17.64 19 
179 17.69 19 
180 17.75 19 
181 17.7 19 
182 17.765 19 
183 17.715 19 
184 17.79 19 
185 17.845 19 
186 17.835 19 
187 17.91 19 
188 17.86 19 
189 17.82 19 
190 17.795 19 
191 17.8 19 
192 17.85 19 
193 17.95 19 
194 17.93 20 
