0 10.15 17 
1 10.64 17 
2 11.245 17 
3 11.71 17 
4 12.22 17 
5 12.46 17 
6 12.73 17 
7 13.185 17 
8 13.465 17 
9 13.795 17 
10 13.82 17 
11 13.985 17 
12 14.06 17 
13 14.335 17 
14 14.445 17 
15 14.455 17 
16 14.55 17 
17 14.675 17 
18 14.78 17 
19 14.835 17 
20 15.03 17 
21 15.155 17 
22 15.295 17 
23 15.565 17 
24 15.83 17 
25 15.95 17 
26 16.19 17 
27 16.26 18 
28 16.335 18 
29 16.23 18 
30 16.285 18 
31 16.35 18 
32 16.415 18 
33 16.46 18 
34 16.475 18 
35 16.44 18 
36 16.465 18 
37 16.58 18 
38 16.67 18 
39 16.74 18 
40 16.72 18 
41 16.875 18 
42 17.0 18 
43 17.07 18 
44 17.055 18 
45 17.12 18 
46 17.135 18 
47 17.07 18 
48 17.21 18 
49 17.205 18 
50 17.24 18 
51 17.285 18 
52 17.355 18 
53 17.395 18 
54 17.385 18 
55 17.45 18 
56 17.415 18 
57 17.44 19 
58 17.49 19 
59 17.375 19 
60 17.38 18 
61 17.395 18 
62 17.425 18 
63 17.365 18 
64 17.39 18 
65 17.445 18 
66 17.415 18 
67 17.405 18 
68 17.545 18 
69 17.57 19 
70 17.605 19 
71 17.565 19 
72 17.515 19 
73 17.515 19 
74 17.485 19 
75 17.48 19 
76 17.485 19 
77 17.515 19 
78 17.51 19 
79 17.63 19 
80 17.655 19 
81 17.65 19 
82 17.765 19 
83 17.86 19 
84 17.83 19 
85 17.8 19 
86 17.825 19 
87 17.89 19 
88 17.875 19 
89 17.92 19 
90 17.9 19 
91 17.955 19 
92 17.95 19 
93 17.955 19 
94 17.92 19 
95 18.045 19 
96 18.02 19 
97 17.915 19 
98 17.865 19 
99 17.845 19 
100 17.905 19 
101 17.895 19 
102 17.92 19 
103 18.02 19 
104 18.055 19 
105 18.1 19 
106 18.065 19 
107 18.055 19 
108 18.12 19 
109 18.215 19 
110 18.165 20 
