0 10.41 16 
1 10.52 16 
2 10.87 16 
3 11.51 16 
4 11.805 16 
5 12.055 16 
6 12.14 16 
7 12.3 16 
8 12.575 16 
9 12.745 16 
10 12.99 16 
11 13.26 17 
12 13.385 16 
13 13.51 16 
14 13.7 17 
15 13.735 17 
16 14.03 17 
17 14.375 17 
18 14.715 17 
19 14.76 17 
20 14.63 17 
21 14.76 17 
22 14.995 17 
23 15.04 17 
24 15.145 17 
25 15.155 17 
26 15.26 17 
27 15.315 17 
28 15.34 17 
29 15.475 17 
30 15.35 17 
31 15.37 17 
32 15.465 17 
33 15.565 17 
34 15.57 17 
35 15.555 17 
36 15.75 17 
37 15.85 17 
38 15.885 17 
39 15.855 17 
40 15.86 17 
41 15.915 17 
42 15.975 17 
43 16.065 17 
44 16.055 17 
45 16.055 17 
46 16.035 17 
47 16.01 17 
48 16.1 17 
49 16.05 17 
50 16.11 17 
51 16.075 17 
52 16.1 17 
53 16.185 17 
54 16.235 17 
55 16.16 17 
56 16.15 17 
57 16.21 17 
58 16.16 17 
59 16.205 17 
60 16.195 17 
61 16.22 17 
62 16.24 18 
63 16.28 18 
64 16.29 18 
65 16.305 18 
66 16.275 18 
67 16.33 18 
68 16.31 18 
69 16.365 18 
70 16.39 18 
71 16.41 18 
72 16.43 18 
73 16.44 18 
74 16.51 18 
75 16.44 18 
76 16.515 18 
77 16.515 18 
78 16.68 18 
79 16.68 19 
80 16.585 18 
81 16.59 18 
82 16.72 18 
83 16.73 18 
84 16.75 18 
85 16.72 18 
86 16.76 18 
87 16.775 19 
88 16.855 19 
89 16.8 19 
90 16.805 18 
91 16.83 18 
92 16.855 18 
93 16.815 18 
94 16.855 18 
95 16.85 18 
96 16.81 18 
97 16.8 18 
98 16.9 18 
99 16.95 18 
100 17.04 18 
101 17.015 18 
102 16.97 18 
103 17.005 18 
104 17.14 18 
105 17.015 18 
106 16.975 18 
107 17.075 18 
108 17.13 18 
109 17.035 18 
110 17.125 18 
111 17.135 18 
112 17.27 18 
113 17.36 18 
114 17.315 18 
115 17.29 19 
116 17.235 19 
117 17.285 19 
118 17.345 19 
119 17.47 19 
120 17.45 19 
121 17.51 19 
122 17.46 19 
123 17.555 19 
124 17.7 19 
125 17.63 19 
126 17.71 19 
127 17.77 19 
128 17.78 19 
129 17.74 19 
130 17.635 19 
131 17.72 19 
132 17.755 19 
133 17.92 19 
134 17.945 19 
135 18.0 19 
136 18.06 19 
137 18.175 19 
138 18.205 19 
139 18.185 19 
140 18.155 19 
141 18.17 19 
142 18.09 19 
143 18.04 19 
144 18.12 19 
145 18.12 20 
