0 9.84 15 
1 10.46 15 
2 10.905 15 
3 11.315 15 
4 11.445 15 
5 11.755 15 
6 12.185 15 
7 12.755 15 
8 13.03 16 
9 13.205 16 
10 13.475 16 
11 13.665 16 
12 13.975 16 
13 13.99 16 
14 14.14 16 
15 14.34 16 
16 14.57 16 
17 14.535 16 
18 14.555 16 
19 14.77 16 
20 14.845 16 
21 14.855 16 
22 14.82 16 
23 14.815 16 
24 14.84 16 
25 14.965 17 
26 15.16 17 
27 15.27 17 
28 15.345 17 
29 15.48 17 
30 15.54 16 
31 15.56 17 
32 15.64 16 
33 15.64 16 
34 15.655 17 
35 15.67 17 
36 15.68 17 
37 15.705 17 
38 15.81 17 
39 15.8 17 
40 15.805 17 
41 15.82 17 
42 15.875 17 
43 15.85 17 
44 15.77 17 
45 15.815 17 
46 15.85 17 
47 15.87 17 
48 15.84 17 
49 15.845 17 
50 15.89 18 
51 15.84 17 
52 15.81 17 
53 15.81 17 
54 15.745 17 
55 15.75 17 
56 15.755 17 
57 15.74 17 
58 15.745 17 
59 15.7 17 
60 15.815 17 
61 15.86 17 
62 15.865 17 
63 15.88 18 
64 15.87 18 
65 15.9 18 
66 15.96 18 
67 16.045 18 
68 16.085 18 
69 16.22 18 
70 16.255 18 
71 16.28 18 
72 16.34 18 
73 16.36 18 
74 16.38 18 
75 16.315 18 
76 16.385 18 
77 16.355 18 
78 16.375 18 
79 16.425 18 
80 16.44 18 
81 16.43 18 
82 16.415 18 
83 16.42 18 
84 16.45 18 
85 16.485 18 
86 16.495 18 
87 16.59 18 
88 16.64 18 
89 16.73 18 
90 16.745 18 
91 16.865 19 
92 16.98 19 
93 16.98 19 
94 17.075 19 
95 17.135 19 
96 17.18 19 
97 17.16 19 
98 17.2 19 
99 17.11 19 
100 17.185 19 
101 17.22 19 
102 17.225 19 
103 17.235 19 
104 17.245 19 
105 17.25 19 
106 17.295 19 
107 17.335 19 
108 17.33 19 
109 17.345 19 
110 17.35 19 
111 17.27 19 
112 17.25 19 
113 17.175 19 
114 17.25 18 
115 17.205 19 
116 17.19 19 
117 17.205 18 
118 17.215 18 
119 17.165 18 
120 17.135 18 
121 17.055 18 
122 17.08 18 
123 16.995 18 
124 16.975 18 
125 16.995 18 
126 17.025 18 
127 16.995 18 
128 17.015 18 
129 17.05 18 
130 17.05 18 
131 17.105 18 
132 17.185 18 
133 17.21 19 
134 17.24 19 
135 17.315 19 
136 17.325 19 
137 17.35 19 
138 17.355 19 
139 17.38 19 
140 17.32 19 
141 17.295 19 
142 17.355 19 
143 17.345 19 
144 17.35 19 
145 17.28 19 
146 17.27 19 
147 17.35 19 
148 17.435 19 
149 17.45 19 
150 17.485 19 
151 17.475 19 
152 17.505 19 
153 17.525 19 
154 17.625 19 
155 17.745 19 
156 17.76 19 
157 17.84 19 
158 17.9 19 
159 17.89 19 
160 17.97 19 
161 17.98 19 
162 17.955 19 
163 17.995 19 
164 18.045 19 
165 18.155 19 
166 18.125 19 
167 18.085 19 
168 18.08 19 
169 18.09 19 
170 18.14 19 
171 18.115 19 
172 18.135 19 
173 18.155 19 
174 18.285 19 
175 18.265 19 
176 18.295 19 
177 18.365 19 
178 18.39 19 
179 18.535 19 
180 18.595 19 
181 18.655 19 
182 18.76 20 
