0 9.99 16 
1 11.085 16 
2 11.845 16 
3 12.26 16 
4 12.495 16 
5 12.775 16 
6 12.94 16 
7 13.24 16 
8 13.54 16 
9 13.63 16 
10 13.875 16 
11 14.03 16 
12 14.18 17 
13 14.495 17 
14 14.585 17 
15 14.58 17 
16 14.695 17 
17 14.87 17 
18 14.99 17 
19 15.1 17 
20 15.16 17 
21 15.115 17 
22 15.175 17 
23 15.19 17 
24 15.245 17 
25 15.35 18 
26 15.385 18 
27 15.575 18 
28 15.59 18 
29 15.595 17 
30 15.7 17 
31 15.785 17 
32 15.965 17 
33 16.06 17 
34 16.15 17 
35 16.305 17 
36 16.37 17 
37 16.44 17 
38 16.47 17 
39 16.57 17 
40 16.57 17 
41 16.58 18 
42 16.615 18 
43 16.635 18 
44 16.595 18 
45 16.66 18 
46 16.67 18 
47 16.745 18 
48 16.8 18 
49 16.83 18 
50 16.935 18 
51 16.96 18 
52 16.96 18 
53 16.985 18 
54 17.0 18 
55 16.95 18 
56 16.925 18 
57 16.955 18 
58 16.965 18 
59 16.895 18 
60 16.835 18 
61 16.875 18 
62 16.86 18 
63 16.85 18 
64 16.775 19 
65 16.79 18 
66 16.7 18 
67 16.66 18 
68 16.725 18 
69 16.88 18 
70 16.865 18 
71 16.94 19 
72 16.95 19 
73 16.98 19 
74 16.955 19 
75 16.885 19 
76 16.915 19 
77 16.895 18 
78 16.9 18 
79 16.825 18 
80 16.825 18 
81 16.76 18 
82 16.86 18 
83 16.87 18 
84 16.925 18 
85 16.895 18 
86 16.89 18 
87 16.915 18 
88 16.95 18 
89 17.01 18 
90 16.965 18 
91 16.93 18 
92 16.905 18 
93 16.875 19 
94 16.86 19 
95 16.865 19 
96 16.85 19 
97 16.805 19 
98 16.95 19 
99 17.03 19 
100 17.07 19 
101 17.025 19 
102 17.085 19 
103 17.115 19 
104 17.16 19 
105 17.245 19 
106 17.26 19 
107 17.28 19 
108 17.16 19 
109 17.26 19 
110 17.36 19 
111 17.51 20 
