0 10.04 17 
1 10.775 17 
2 11.405 17 
3 12.065 17 
4 12.53 17 
5 12.805 17 
6 12.85 17 
7 12.905 17 
8 12.945 17 
9 13.31 17 
10 13.665 17 
11 13.895 17 
12 14.075 17 
13 14.17 17 
14 14.345 17 
15 14.445 17 
16 14.575 17 
17 14.795 17 
18 15.06 17 
19 15.33 17 
20 15.425 17 
21 15.52 17 
22 15.755 17 
23 15.97 18 
24 16.165 18 
25 16.285 18 
26 16.375 18 
27 16.46 18 
28 16.49 18 
29 16.405 18 
30 16.415 18 
31 16.405 18 
32 16.38 18 
33 16.38 18 
34 16.33 18 
35 16.385 18 
36 16.46 18 
37 16.51 18 
38 16.505 18 
39 16.54 18 
40 16.54 18 
41 16.565 18 
42 16.515 18 
43 16.445 18 
44 16.52 18 
45 16.545 18 
46 16.555 18 
47 16.62 18 
48 16.575 18 
49 16.575 18 
50 16.67 18 
51 16.745 18 
52 16.78 18 
53 16.85 18 
54 16.93 18 
55 16.935 18 
56 17.015 18 
57 17.025 18 
58 17.035 18 
59 17.045 18 
60 17.125 18 
61 17.12 19 
62 17.15 19 
63 17.11 19 
64 17.115 18 
65 17.1 18 
66 17.15 18 
67 17.085 18 
68 17.175 18 
69 17.3 18 
70 17.285 18 
71 17.35 18 
72 17.32 18 
73 17.265 19 
74 17.315 19 
75 17.44 19 
76 17.46 19 
77 17.53 19 
78 17.555 19 
79 17.505 19 
80 17.495 19 
81 17.505 19 
82 17.49 19 
83 17.55 19 
84 17.51 19 
85 17.53 19 
86 17.585 19 
87 17.585 19 
88 17.65 19 
89 17.68 19 
90 17.625 19 
91 17.595 19 
92 17.625 19 
93 17.66 19 
94 17.62 19 
95 17.625 19 
96 17.675 18 
97 17.7 19 
98 17.715 18 
99 17.705 19 
100 17.725 19 
101 17.74 19 
102 17.74 19 
103 17.64 19 
104 17.635 19 
105 17.67 19 
106 17.625 19 
107 17.59 19 
108 17.565 19 
109 17.635 19 
110 17.64 19 
111 17.665 19 
112 17.63 19 
113 17.59 19 
114 17.61 19 
115 17.62 19 
116 17.635 19 
117 17.675 19 
118 17.675 19 
119 17.675 19 
120 17.77 19 
121 17.775 19 
122 17.725 19 
123 17.75 19 
124 17.82 19 
125 17.87 19 
126 17.86 20 
