0 10.12 16 
1 10.535 16 
2 10.86 16 
3 11.21 16 
4 11.63 16 
5 11.835 16 
6 12.055 17 
7 12.38 17 
8 12.795 17 
9 13.22 17 
10 13.465 17 
11 13.595 17 
12 14.005 17 
13 14.4 17 
14 14.815 17 
15 15.03 17 
16 15.215 17 
17 15.43 18 
18 15.525 18 
19 15.68 18 
20 15.79 18 
21 15.875 18 
22 15.89 18 
23 15.885 18 
24 16.02 18 
25 16.06 18 
26 16.085 18 
27 16.03 18 
28 16.065 18 
29 16.055 18 
30 16.02 18 
31 15.99 18 
32 15.98 18 
33 16.065 18 
34 16.145 18 
35 16.28 18 
36 16.43 18 
37 16.38 18 
38 16.495 18 
39 16.515 19 
40 16.595 18 
41 16.62 18 
42 16.83 18 
43 16.97 18 
44 16.94 18 
45 16.965 19 
46 17.02 19 
47 16.96 19 
48 16.935 19 
49 16.965 18 
50 17.025 18 
51 17.035 18 
52 17.0 18 
53 17.065 18 
54 17.195 18 
55 17.095 18 
56 17.15 18 
57 17.24 18 
58 17.265 19 
59 17.22 19 
60 17.35 19 
61 17.44 19 
62 17.515 19 
63 17.485 19 
64 17.43 19 
65 17.43 19 
66 17.46 19 
67 17.425 19 
68 17.39 19 
69 17.415 19 
70 17.555 19 
71 17.58 19 
72 17.565 19 
73 17.53 19 
74 17.6 19 
75 17.575 19 
76 17.595 19 
77 17.55 19 
78 17.56 19 
79 17.44 19 
80 17.545 18 
81 17.62 19 
82 17.73 19 
83 17.775 19 
84 17.85 19 
85 17.86 19 
86 17.945 19 
87 17.91 19 
88 17.88 19 
89 17.88 19 
90 17.85 19 
91 17.82 18 
92 17.785 18 
93 17.78 18 
94 17.77 18 
95 17.665 18 
96 17.7 18 
97 17.775 18 
98 17.785 18 
99 17.835 19 
100 17.8 19 
101 17.75 19 
102 17.76 19 
103 17.665 18 
104 17.695 18 
105 17.67 18 
106 17.66 18 
107 17.68 18 
108 17.65 18 
109 17.63 18 
110 17.61 18 
111 17.625 18 
112 17.555 18 
113 17.565 18 
114 17.58 18 
115 17.585 18 
116 17.61 18 
117 17.68 19 
118 17.705 19 
119 17.73 19 
120 17.765 19 
121 17.82 19 
122 17.835 19 
123 17.895 20 
