0 10.39 16 
1 11.005 16 
2 11.55 16 
3 12.145 16 
4 12.52 16 
5 13.205 16 
6 13.435 16 
7 13.665 16 
8 13.93 16 
9 13.985 16 
10 14.205 16 
11 14.29 17 
12 14.19 17 
13 14.295 16 
14 14.365 16 
15 14.43 16 
16 14.42 17 
17 14.64 17 
18 14.795 17 
19 14.91 17 
20 14.915 17 
21 14.915 17 
22 14.97 17 
23 14.965 17 
24 15.05 17 
25 15.13 17 
26 15.19 17 
27 15.245 17 
28 15.27 17 
29 15.295 17 
30 15.34 17 
31 15.495 17 
32 15.64 17 
33 15.615 17 
34 15.685 17 
35 15.69 17 
36 15.66 17 
37 15.655 17 
38 15.605 17 
39 15.7 18 
40 15.76 18 
41 15.805 18 
42 15.735 18 
43 15.695 18 
44 15.73 18 
45 15.79 18 
46 15.74 18 
47 15.685 18 
48 15.695 17 
49 15.75 17 
50 15.81 17 
51 15.865 17 
52 15.915 17 
53 15.995 17 
54 16.01 17 
55 16.12 17 
56 16.105 17 
57 16.205 17 
58 16.155 17 
59 16.155 18 
60 16.185 17 
61 16.115 17 
62 16.12 17 
63 16.15 17 
64 16.175 17 
65 16.14 17 
66 16.125 17 
67 16.145 17 
68 16.105 18 
69 16.1 18 
70 16.105 18 
71 16.205 18 
72 16.22 18 
73 16.26 18 
74 16.2 18 
75 16.205 17 
76 16.24 18 
77 16.235 18 
78 16.285 18 
79 16.395 18 
80 16.42 18 
81 16.51 18 
82 16.455 18 
83 16.5 18 
84 16.475 18 
85 16.54 18 
86 16.53 18 
87 16.545 18 
88 16.53 18 
89 16.555 18 
90 16.55 18 
91 16.525 18 
92 16.52 18 
93 16.55 18 
94 16.51 18 
95 16.5 18 
96 16.51 18 
97 16.555 18 
98 16.585 18 
99 16.525 18 
100 16.6 18 
101 16.71 18 
102 16.73 18 
103 16.795 18 
104 16.745 18 
105 16.75 18 
106 16.83 18 
107 16.81 18 
108 16.895 18 
109 16.96 19 
110 17.075 19 
111 17.17 19 
112 17.255 19 
113 17.375 18 
114 17.385 19 
115 17.435 19 
116 17.515 19 
117 17.585 19 
118 17.485 19 
119 17.495 19 
120 17.545 19 
121 17.565 19 
122 17.6 19 
123 17.6 19 
124 17.615 19 
125 17.655 19 
126 17.595 19 
127 17.64 19 
128 17.67 19 
129 17.69 19 
130 17.74 19 
131 17.73 19 
132 17.71 19 
133 17.785 19 
134 17.84 19 
135 17.79 19 
136 17.855 19 
137 17.87 19 
138 17.935 19 
139 17.98 19 
140 18.01 19 
141 18.0 19 
142 18.04 19 
143 18.025 19 
144 17.96 19 
145 18.0 19 
146 18.09 19 
147 18.13 19 
148 18.225 19 
149 18.245 19 
150 18.275 20 
