0 10.08 15 
1 10.265 15 
2 10.41 15 
3 10.675 15 
4 10.875 15 
5 11.255 15 
6 11.455 15 
7 11.72 15 
8 11.82 15 
9 12.045 15 
10 12.13 16 
11 12.175 15 
12 12.3 15 
13 12.32 15 
14 12.345 15 
15 12.51 15 
16 12.675 15 
17 12.805 16 
18 12.855 16 
19 12.8 15 
20 12.905 15 
21 12.855 16 
22 13.135 17 
23 13.175 16 
24 13.24 16 
25 13.395 16 
26 13.755 16 
27 14.035 16 
28 14.38 16 
29 14.465 16 
30 14.635 16 
31 14.64 16 
32 14.765 16 
33 14.67 16 
34 14.74 16 
35 14.81 16 
36 14.94 16 
37 14.905 16 
38 14.93 16 
39 14.9 16 
40 14.955 16 
41 14.96 16 
42 14.985 16 
43 15.045 17 
44 15.03 16 
45 15.09 16 
46 15.12 16 
47 15.14 16 
48 15.11 16 
49 15.205 16 
50 15.235 16 
51 15.165 16 
52 15.16 17 
53 15.085 17 
54 15.165 17 
55 15.195 17 
56 15.235 17 
57 15.12 17 
58 15.255 17 
59 15.245 17 
60 15.335 17 
61 15.255 17 
62 15.255 17 
63 15.325 17 
64 15.345 17 
65 15.45 17 
66 15.495 17 
67 15.5 17 
68 15.57 17 
69 15.68 17 
70 15.745 17 
71 15.785 17 
72 15.81 18 
73 15.85 18 
74 15.945 18 
75 15.895 18 
76 15.995 18 
77 15.99 18 
78 16.06 18 
79 16.015 18 
80 16.115 18 
81 16.145 18 
82 16.165 18 
83 16.16 18 
84 16.155 18 
85 16.145 18 
86 16.23 18 
87 16.255 18 
88 16.29 18 
89 16.285 18 
90 16.285 18 
91 16.415 18 
92 16.515 18 
93 16.5 18 
94 16.48 18 
95 16.405 18 
96 16.395 18 
97 16.43 18 
98 16.45 18 
99 16.51 18 
100 16.62 18 
101 16.63 18 
102 16.69 18 
103 16.795 18 
104 16.895 19 
105 16.82 19 
106 16.91 19 
107 17.095 19 
108 17.09 18 
109 17.175 18 
110 17.095 19 
111 17.12 18 
112 17.225 18 
113 17.26 18 
114 17.29 18 
115 17.21 18 
116 17.18 18 
117 17.16 18 
118 17.185 19 
119 17.225 18 
120 17.24 18 
121 17.245 18 
122 17.3 18 
123 17.35 18 
124 17.315 18 
125 17.54 18 
126 17.585 19 
127 17.49 19 
128 17.44 19 
129 17.565 19 
130 17.6 19 
131 17.645 19 
132 17.675 19 
133 17.635 19 
134 17.63 19 
135 17.57 19 
136 17.455 18 
137 17.51 18 
138 17.485 18 
139 17.52 18 
140 17.505 18 
141 17.48 19 
142 17.595 19 
143 17.6 19 
144 17.615 19 
145 17.625 19 
146 17.63 19 
147 17.68 19 
148 17.64 18 
149 17.675 18 
150 17.63 18 
151 17.68 19 
152 17.67 19 
153 17.605 19 
154 17.68 19 
155 17.685 19 
156 17.67 19 
157 17.64 19 
158 17.665 19 
159 17.625 18 
160 17.665 18 
161 17.685 18 
162 17.605 18 
163 17.605 18 
164 17.595 18 
165 17.675 19 
166 17.705 18 
167 17.695 18 
168 17.625 18 
169 17.68 18 
170 17.65 18 
171 17.655 18 
172 17.685 18 
173 17.645 18 
174 17.64 18 
175 17.615 18 
176 17.59 18 
177 17.63 18 
178 17.63 18 
179 17.7 18 
180 17.71 18 
181 17.655 18 
182 17.75 18 
183 17.795 19 
184 17.805 19 
185 17.795 19 
186 17.81 19 
187 17.805 19 
188 17.775 18 
189 17.795 18 
190 17.755 18 
191 17.765 18 
192 17.74 19 
193 17.81 19 
194 17.825 19 
195 17.83 19 
196 17.825 19 
197 17.875 19 
198 17.925 19 
199 17.885 19 
200 17.89 19 
201 17.88 19 
202 17.825 19 
203 17.74 19 
204 17.705 19 
205 17.775 19 
206 17.7 19 
207 17.7 19 
208 17.725 19 
209 17.695 19 
210 17.67 19 
211 17.645 19 
212 17.7 19 
213 17.74 19 
214 17.71 19 
215 17.63 19 
216 17.595 19 
217 17.455 19 
218 17.55 19 
219 17.595 20 
