0 9.98 14 
1 10.43 14 
2 10.715 14 
3 11.0 14 
4 11.48 14 
5 11.765 14 
6 11.9 14 
7 12.17 14 
8 12.39 14 
9 12.455 14 
10 12.63 15 
11 12.695 14 
12 12.865 14 
13 12.925 14 
14 12.97 14 
15 13.055 15 
16 13.135 14 
17 13.26 15 
18 13.435 15 
19 13.505 15 
20 13.545 15 
21 13.51 15 
22 13.565 15 
23 13.61 15 
24 13.485 15 
25 13.505 15 
26 13.52 15 
27 13.48 15 
28 13.605 15 
29 13.65 15 
30 13.62 15 
31 13.67 15 
32 13.66 15 
33 13.59 15 
34 13.615 15 
35 13.575 15 
36 13.6 15 
37 13.625 16 
38 13.625 15 
39 13.665 15 
40 13.61 15 
41 13.665 15 
42 13.66 15 
43 13.72 15 
44 13.79 15 
45 13.835 15 
46 13.895 15 
47 13.895 15 
48 14.045 15 
49 14.015 15 
50 14.075 15 
51 14.055 15 
52 14.12 15 
53 14.12 15 
54 14.115 15 
55 14.23 15 
56 14.22 15 
57 14.13 15 
58 14.23 15 
59 14.245 16 
60 14.18 16 
61 14.135 16 
62 14.065 15 
63 14.135 16 
64 14.14 16 
65 14.19 16 
66 14.21 16 
67 14.195 16 
68 14.2 16 
69 14.09 16 
70 14.07 16 
71 14.065 16 
72 13.98 16 
73 14.0 16 
74 14.025 16 
75 14.02 16 
76 14.055 16 
77 14.065 16 
78 13.965 16 
79 14.02 16 
80 14.115 16 
81 14.225 16 
82 14.28 16 
83 14.33 16 
84 14.435 16 
85 14.53 17 
86 14.58 16 
87 14.61 16 
88 14.625 16 
89 14.705 16 
90 14.715 16 
91 14.865 16 
92 14.845 17 
93 14.86 16 
94 14.735 16 
95 14.96 16 
96 15.02 17 
97 15.03 17 
98 15.15 17 
99 15.23 17 
100 15.325 17 
101 15.43 17 
102 15.42 17 
103 15.405 17 
104 15.4 17 
105 15.37 17 
106 15.425 17 
107 15.455 17 
108 15.48 18 
109 15.475 18 
110 15.59 18 
111 15.67 18 
112 15.815 18 
113 15.7 18 
114 15.69 18 
115 15.77 18 
116 15.85 18 
117 15.785 18 
118 15.715 18 
119 15.725 18 
120 15.74 18 
121 15.725 18 
122 15.695 18 
123 15.835 18 
124 15.995 19 
125 16.05 19 
126 16.005 19 
127 16.065 19 
128 16.125 19 
129 16.17 19 
130 16.18 19 
131 16.175 19 
132 16.26 19 
133 16.24 19 
134 16.3 19 
135 16.345 19 
136 16.385 19 
137 16.49 19 
138 16.53 19 
139 16.46 19 
140 16.645 19 
141 16.675 19 
142 16.76 19 
143 16.9 19 
144 17.15 19 
145 17.195 19 
146 17.185 19 
147 17.335 19 
148 17.31 19 
149 17.48 19 
150 17.68 19 
151 17.715 19 
152 17.91 19 
153 17.875 20 
