0 10.26 15 
1 11.005 15 
2 11.44 15 
3 11.645 15 
4 12.075 15 
5 12.27 15 
6 12.665 15 
7 12.74 15 
8 13.08 15 
9 13.26 16 
10 13.445 16 
11 13.445 15 
12 13.63 15 
13 13.735 15 
14 14.075 15 
15 14.19 15 
16 14.185 15 
17 14.195 15 
18 14.295 16 
19 14.215 16 
20 14.415 16 
21 14.44 16 
22 14.46 16 
23 14.525 16 
24 14.515 16 
25 14.615 16 
26 14.53 16 
27 14.51 16 
28 14.56 17 
29 14.6 17 
30 14.73 16 
31 14.775 16 
32 14.755 16 
33 14.88 16 
34 14.875 16 
35 14.91 16 
36 14.9 16 
37 14.935 16 
38 14.975 16 
39 14.925 16 
40 14.875 16 
41 14.895 16 
42 14.885 16 
43 14.86 16 
44 14.82 16 
45 14.775 16 
46 14.805 16 
47 14.825 16 
48 14.875 16 
49 14.84 16 
50 14.885 16 
51 14.89 16 
52 14.91 16 
53 14.915 16 
54 14.98 16 
55 14.995 16 
56 15.03 17 
57 15.02 17 
58 15.045 16 
59 15.115 16 
60 15.09 16 
61 15.15 16 
62 15.11 16 
63 15.175 16 
64 15.155 16 
65 15.2 16 
66 15.215 16 
67 15.27 17 
68 15.305 17 
69 15.385 17 
70 15.37 17 
71 15.375 17 
72 15.39 17 
73 15.335 17 
74 15.375 17 
75 15.295 17 
76 15.3 17 
77 15.365 17 
78 15.465 17 
79 15.475 18 
80 15.525 18 
81 15.575 18 
82 15.6 18 
83 15.63 18 
84 15.605 18 
85 15.745 18 
86 15.67 18 
87 15.595 18 
88 15.685 18 
89 15.745 19 
90 15.875 19 
91 15.915 18 
92 16.12 18 
93 16.19 18 
94 16.265 18 
95 16.325 18 
96 16.25 19 
97 16.295 18 
98 16.32 18 
99 16.46 19 
100 16.415 19 
101 16.355 19 
102 16.225 18 
103 16.275 18 
104 16.35 18 
105 16.36 18 
106 16.32 18 
107 16.375 18 
108 16.46 18 
109 16.49 18 
110 16.545 18 
111 16.62 18 
112 16.72 18 
113 16.805 18 
114 16.76 18 
115 16.8 18 
116 16.85 18 
117 16.785 18 
118 16.92 18 
119 16.96 18 
120 16.94 18 
121 16.95 18 
122 16.955 18 
123 16.975 18 
124 17.03 18 
125 17.165 18 
126 17.17 19 
127 17.225 19 
128 17.17 19 
129 17.24 19 
130 17.275 19 
131 17.205 18 
132 17.295 18 
133 17.335 19 
134 17.26 19 
135 17.27 19 
136 17.235 19 
137 17.275 19 
138 17.325 19 
139 17.345 19 
140 17.34 19 
141 17.33 19 
142 17.385 19 
143 17.365 19 
144 17.385 19 
145 17.43 19 
146 17.395 19 
147 17.415 19 
148 17.415 19 
149 17.49 19 
150 17.655 19 
151 17.555 19 
152 17.66 19 
153 17.655 20 
