0 10.12 17 
1 10.72 17 
2 11.295 17 
3 11.785 17 
4 12.225 17 
5 13.035 17 
6 13.685 17 
7 13.935 17 
8 14.345 18 
9 14.555 18 
10 14.77 18 
11 14.985 18 
12 15.27 18 
13 15.315 18 
14 15.485 18 
15 15.48 18 
16 15.49 18 
17 15.51 18 
18 15.67 18 
19 15.905 18 
20 16.11 18 
21 16.105 18 
22 16.135 18 
23 16.265 18 
24 16.36 18 
25 16.425 18 
26 16.54 18 
27 16.6 18 
28 16.725 18 
29 16.77 18 
30 16.905 19 
31 16.92 18 
32 16.91 18 
33 16.9 18 
34 16.855 18 
35 16.815 18 
36 16.805 18 
37 16.765 18 
38 16.84 18 
39 16.865 18 
40 16.86 18 
41 16.895 18 
42 16.98 18 
43 17.095 18 
44 17.185 18 
45 17.24 19 
46 17.28 19 
47 17.255 19 
48 17.165 19 
49 17.17 19 
50 17.185 19 
51 17.16 19 
52 17.155 19 
53 17.14 19 
54 17.125 19 
55 17.075 18 
56 17.08 18 
57 16.98 18 
58 16.975 18 
59 17.015 18 
60 16.975 18 
61 16.95 18 
62 16.915 18 
63 16.97 18 
64 17.045 19 
65 17.02 19 
66 17.015 19 
67 17.025 19 
68 16.865 19 
69 16.91 19 
70 16.93 19 
71 16.81 18 
72 16.69 18 
73 16.68 18 
74 16.68 18 
75 16.67 18 
76 16.73 18 
77 16.635 18 
78 16.555 18 
79 16.565 18 
80 16.57 18 
81 16.62 18 
82 16.675 18 
83 16.73 18 
84 16.76 18 
85 16.705 19 
86 16.77 18 
87 16.815 19 
88 16.765 19 
89 16.875 19 
90 16.895 19 
91 16.855 19 
92 16.885 19 
93 16.835 19 
94 16.89 19 
95 17.005 19 
96 17.14 19 
97 17.12 19 
98 17.115 19 
99 17.15 19 
100 17.175 19 
101 17.25 19 
102 17.26 19 
103 17.34 19 
104 17.355 19 
105 17.355 19 
106 17.39 19 
107 17.435 19 
108 17.375 19 
109 17.4 19 
110 17.355 19 
111 17.475 19 
112 17.545 19 
113 17.565 19 
114 17.66 19 
115 17.695 19 
116 17.68 18 
117 17.715 18 
118 17.82 18 
119 17.775 18 
120 17.745 18 
121 17.865 19 
122 17.91 18 
123 17.885 18 
124 17.875 19 
125 17.87 18 
126 17.925 18 
127 17.92 19 
128 17.945 19 
129 17.925 19 
130 17.91 19 
131 17.945 19 
132 17.945 19 
133 17.96 19 
134 17.94 19 
135 17.89 19 
136 17.84 19 
137 17.79 19 
138 17.83 19 
139 17.855 19 
140 17.825 19 
141 17.85 19 
142 17.865 19 
143 17.915 19 
144 17.885 19 
145 17.85 19 
146 17.76 19 
147 17.79 19 
148 17.815 19 
149 17.88 19 
150 17.975 19 
151 17.915 19 
152 17.96 19 
153 17.98 19 
154 17.955 19 
155 18.19 19 
156 18.305 20 
