0 9.56 16 
1 10.32 16 
2 10.85 16 
3 11.48 16 
4 11.6 16 
5 11.92 16 
6 12.575 16 
7 12.875 16 
8 13.29 16 
9 13.49 16 
10 13.84 16 
11 14.06 16 
12 14.31 16 
13 14.465 17 
14 14.635 17 
15 14.745 17 
16 14.92 17 
17 14.975 17 
18 15.055 17 
19 15.045 17 
20 15.22 17 
21 15.3 17 
22 15.255 17 
23 15.315 17 
24 15.345 17 
25 15.36 17 
26 15.425 17 
27 15.51 17 
28 15.54 17 
29 15.52 17 
30 15.5 17 
31 15.54 18 
32 15.56 17 
33 15.535 18 
34 15.52 18 
35 15.605 18 
36 15.56 18 
37 15.675 18 
38 15.75 18 
39 15.805 18 
40 15.85 18 
41 15.92 18 
42 15.935 18 
43 16.095 18 
44 16.02 18 
45 16.02 18 
46 16.14 18 
47 16.265 18 
48 16.4 18 
49 16.47 18 
50 16.455 18 
51 16.585 18 
52 16.65 18 
53 16.805 18 
54 16.9 18 
55 16.965 18 
56 16.97 18 
57 17.04 19 
58 17.24 19 
59 17.115 19 
60 17.16 19 
61 17.085 19 
62 17.22 19 
63 17.285 19 
64 17.225 19 
65 17.305 19 
66 17.36 19 
67 17.42 19 
68 17.44 19 
69 17.495 19 
70 17.485 19 
71 17.54 19 
72 17.69 19 
73 17.81 19 
74 17.77 19 
75 17.815 19 
76 17.94 20 
