0 9.93 17 
1 10.745 17 
2 11.31 17 
3 11.535 17 
4 12.08 17 
5 12.465 17 
6 13.045 17 
7 13.865 17 
8 14.19 17 
9 14.625 18 
10 15.01 18 
11 15.1 18 
12 15.41 18 
13 15.505 18 
14 15.715 18 
15 15.955 18 
16 16.245 18 
17 16.31 18 
18 16.45 18 
19 16.57 18 
20 16.605 18 
21 16.72 18 
22 16.75 18 
23 16.77 18 
24 16.82 18 
25 16.835 18 
26 16.83 18 
27 16.815 18 
28 16.825 18 
29 16.86 18 
30 16.85 18 
31 16.9 18 
32 16.935 18 
33 16.965 18 
34 16.955 18 
35 16.91 18 
36 16.835 18 
37 16.86 18 
38 16.895 18 
39 16.9 18 
40 16.835 18 
41 16.88 18 
42 16.89 18 
43 16.875 18 
44 16.89 18 
45 16.895 18 
46 16.925 18 
47 16.92 18 
48 16.86 18 
49 16.825 18 
50 16.805 18 
51 16.83 17 
52 16.84 17 
53 16.82 17 
54 16.83 18 
55 16.815 18 
56 16.835 18 
57 16.815 18 
58 16.825 18 
59 16.765 18 
60 16.77 18 
61 16.725 18 
62 16.795 18 
63 16.805 18 
64 16.77 18 
65 16.705 18 
66 16.75 18 
67 16.735 18 
68 16.745 18 
69 16.795 18 
70 16.79 18 
71 16.73 18 
72 16.705 18 
73 16.73 18 
74 16.8 18 
75 16.705 18 
76 16.715 18 
77 16.76 18 
78 16.735 18 
79 16.725 18 
80 16.755 18 
81 16.77 18 
82 16.83 18 
83 16.79 17 
84 16.82 18 
85 16.785 18 
86 16.825 17 
87 16.87 17 
88 16.89 18 
89 16.895 18 
90 16.905 18 
91 16.89 18 
92 16.875 18 
93 16.87 18 
94 16.82 18 
95 16.81 18 
96 16.805 18 
97 16.84 18 
98 16.89 18 
99 16.815 18 
100 16.775 18 
101 16.78 18 
102 16.76 18 
103 16.765 18 
104 16.74 18 
105 16.765 18 
106 16.77 18 
107 16.79 18 
108 16.755 18 
109 16.78 18 
110 16.735 18 
111 16.75 18 
112 16.82 18 
113 16.795 18 
114 16.745 18 
115 16.73 18 
116 16.77 18 
117 16.7 17 
118 16.745 17 
119 16.705 17 
120 16.625 17 
121 16.65 17 
122 16.665 17 
123 16.685 17 
124 16.69 17 
125 16.71 17 
126 16.71 17 
127 16.635 18 
128 16.565 17 
129 16.615 18 
130 16.6 18 
131 16.6 18 
132 16.6 18 
133 16.66 18 
134 16.655 18 
135 16.64 18 
136 16.6 18 
137 16.58 18 
138 16.545 18 
139 16.55 18 
140 16.58 18 
141 16.535 18 
142 16.62 18 
143 16.71 18 
144 16.725 18 
145 16.755 18 
146 16.745 18 
147 16.77 18 
148 16.81 18 
149 16.79 18 
150 16.78 18 
151 16.785 18 
152 16.78 18 
153 16.705 18 
154 16.675 18 
155 16.67 18 
156 16.76 18 
157 16.755 18 
158 16.805 18 
159 16.885 18 
160 16.855 18 
161 16.805 18 
162 16.775 18 
163 16.84 18 
164 16.885 18 
165 16.845 18 
166 16.855 18 
167 16.865 18 
168 16.945 19 
169 16.98 19 
170 16.96 19 
171 16.9 18 
172 16.895 18 
173 16.965 18 
174 16.95 18 
175 17.01 19 
176 17.025 19 
177 17.005 19 
178 17.02 19 
179 17.025 19 
180 17.08 19 
181 17.185 19 
182 17.19 19 
183 17.215 19 
184 17.39 19 
185 17.48 19 
186 17.485 19 
187 17.565 19 
188 17.59 19 
189 17.68 19 
190 17.61 19 
191 17.63 19 
192 17.635 19 
193 17.645 19 
194 17.77 19 
195 17.835 19 
196 17.865 19 
197 17.9 19 
198 17.82 19 
199 17.93 19 
200 17.955 19 
201 17.91 19 
202 17.96 19 
203 18.015 19 
204 17.955 19 
205 18.005 19 
206 18.08 19 
207 18.025 19 
208 17.995 19 
209 17.965 19 
210 18.155 19 
211 18.125 19 
212 18.14 19 
213 18.12 19 
214 18.22 19 
215 18.235 19 
216 18.18 19 
217 18.365 19 
218 18.335 19 
219 18.385 19 
220 18.375 19 
221 18.385 19 
222 18.445 19 
223 18.38 19 
224 18.37 19 
225 18.45 19 
226 18.53 20 
