0 10.08 15 
1 10.545 15 
2 10.985 15 
3 11.51 15 
4 11.66 15 
5 12.075 15 
6 12.24 15 
7 12.335 15 
8 12.685 15 
9 12.86 15 
10 12.98 15 
11 12.985 15 
12 13.125 15 
13 13.29 15 
14 13.295 16 
15 13.415 15 
16 13.475 15 
17 13.595 15 
18 13.625 15 
19 13.79 15 
20 13.795 15 
21 13.8 15 
22 13.825 15 
23 13.91 15 
24 13.98 15 
25 13.97 15 
26 14.005 15 
27 14.08 16 
28 14.14 16 
29 14.275 16 
30 14.395 16 
31 14.56 16 
32 14.475 16 
33 14.515 16 
34 14.53 16 
35 14.61 16 
36 14.64 16 
37 14.69 16 
38 14.59 16 
39 14.695 16 
40 14.75 16 
41 14.795 17 
42 14.74 17 
43 14.86 16 
44 14.92 17 
45 15.07 17 
46 15.25 17 
47 15.28 17 
48 15.265 17 
49 15.38 17 
50 15.365 17 
51 15.405 17 
52 15.35 17 
53 15.335 17 
54 15.36 17 
55 15.4 17 
56 15.51 17 
57 15.62 17 
58 15.665 17 
59 15.78 17 
60 15.86 17 
61 15.835 17 
62 15.88 17 
63 15.91 17 
64 15.91 17 
65 15.97 17 
66 15.97 17 
67 15.99 17 
68 16.035 17 
69 16.005 17 
70 15.955 17 
71 15.995 18 
72 15.98 17 
73 16.045 17 
74 16.09 17 
75 15.99 17 
76 15.97 17 
77 15.94 17 
78 15.925 17 
79 15.97 18 
80 16.0 18 
81 15.965 18 
82 15.905 18 
83 15.865 18 
84 15.95 17 
85 16.005 17 
86 15.985 17 
87 15.88 17 
88 15.91 18 
89 15.99 18 
90 15.99 18 
91 16.015 18 
92 16.065 18 
93 15.965 18 
94 16.08 18 
95 16.13 18 
96 16.075 18 
97 16.08 18 
98 16.14 18 
99 16.1 18 
100 16.09 18 
101 16.1 18 
102 16.175 18 
103 16.115 18 
104 16.105 18 
105 16.145 18 
106 16.155 18 
107 16.225 18 
108 16.29 18 
109 16.325 18 
110 16.3 18 
111 16.29 18 
112 16.3 18 
113 16.3 18 
114 16.365 18 
115 16.42 18 
116 16.42 18 
117 16.46 18 
118 16.425 18 
119 16.415 18 
120 16.5 18 
121 16.51 18 
122 16.505 18 
123 16.47 18 
124 16.48 18 
125 16.64 18 
126 16.755 18 
127 16.755 18 
128 16.775 18 
129 16.725 18 
130 16.84 19 
131 16.85 19 
132 16.835 19 
133 16.83 19 
134 16.95 19 
135 17.005 19 
136 17.19 19 
137 17.33 19 
138 17.345 19 
139 17.38 19 
140 17.505 19 
141 17.515 19 
142 17.705 20 
