0 10.08 15 
1 10.415 15 
2 10.54 15 
3 10.845 15 
4 11.285 15 
5 11.865 15 
6 12.165 15 
7 12.27 15 
8 12.635 15 
9 12.86 15 
10 13.195 16 
11 13.515 15 
12 13.83 15 
13 13.855 15 
14 13.865 15 
15 13.855 15 
16 13.935 16 
17 14.04 16 
18 14.14 16 
19 14.205 16 
20 14.255 15 
21 14.34 15 
22 14.33 16 
23 14.36 16 
24 14.31 16 
25 14.47 16 
26 14.525 17 
27 14.48 16 
28 14.56 16 
29 14.625 16 
30 14.675 16 
31 14.81 16 
32 14.85 16 
33 14.84 16 
34 14.88 16 
35 14.92 16 
36 14.955 16 
37 14.925 16 
38 14.89 16 
39 14.875 16 
40 14.855 16 
41 14.86 16 
42 14.855 16 
43 14.92 16 
44 14.915 16 
45 14.9 16 
46 15.02 17 
47 15.065 18 
48 15.065 18 
49 15.025 18 
50 15.06 18 
51 15.165 18 
52 15.13 18 
53 14.965 18 
54 14.98 18 
55 15.06 18 
56 15.125 18 
57 15.17 18 
58 15.26 18 
59 15.3 18 
60 15.435 18 
61 15.605 18 
62 15.73 18 
63 15.8 18 
64 15.855 18 
65 16.165 18 
66 16.415 18 
67 16.505 18 
68 16.65 18 
69 16.63 18 
70 16.905 19 
71 16.93 19 
72 17.02 18 
73 17.185 18 
74 17.395 19 
75 17.56 19 
76 17.565 19 
77 17.44 19 
78 17.405 19 
79 17.46 19 
80 17.6 19 
81 17.635 19 
82 17.585 19 
83 17.635 18 
84 17.59 19 
85 17.645 18 
86 17.695 19 
87 17.745 19 
88 17.75 19 
89 17.78 19 
90 17.79 19 
91 17.8 19 
92 17.76 19 
93 17.765 18 
94 17.725 18 
95 17.695 18 
96 17.665 18 
97 17.59 18 
98 17.575 19 
99 17.555 19 
100 17.545 19 
101 17.62 19 
102 17.675 19 
103 17.655 19 
104 17.64 19 
105 17.735 19 
106 17.74 19 
107 17.77 19 
108 17.835 19 
109 17.85 19 
110 17.845 19 
111 17.875 19 
112 17.875 19 
113 17.86 19 
114 17.88 19 
115 17.855 19 
116 17.89 19 
117 17.825 19 
118 17.82 19 
119 17.79 19 
120 17.845 19 
121 17.835 19 
122 17.775 19 
123 17.85 19 
124 17.765 19 
125 17.75 19 
126 17.8 19 
127 17.78 19 
128 17.765 19 
129 17.775 19 
130 17.775 19 
131 17.765 19 
132 17.715 19 
133 17.735 19 
134 17.76 19 
135 17.75 19 
136 17.73 19 
137 17.69 19 
138 17.665 19 
139 17.67 19 
140 17.8 19 
141 17.845 19 
142 17.9 19 
143 17.88 19 
144 17.805 19 
145 17.895 19 
146 17.875 19 
147 17.885 19 
148 17.87 19 
149 17.855 19 
150 17.945 19 
151 18.015 19 
152 17.965 19 
153 17.97 19 
154 18.01 19 
155 18.02 19 
156 18.05 19 
157 18.08 19 
158 18.185 19 
159 18.075 19 
160 18.065 19 
161 18.15 19 
162 18.145 19 
163 18.175 19 
164 18.21 19 
165 18.21 20 
