0 10.05 15 
1 10.315 15 
2 10.665 15 
3 10.975 15 
4 11.32 15 
5 11.42 15 
6 11.62 15 
7 11.775 15 
8 12.09 15 
9 12.34 15 
10 12.535 15 
11 12.815 15 
12 13.065 15 
13 13.18 16 
14 13.375 16 
15 13.565 16 
16 13.72 16 
17 13.965 16 
18 14.085 16 
19 14.13 16 
20 14.16 16 
21 14.28 16 
22 14.41 16 
23 14.575 16 
24 14.735 16 
25 14.845 16 
26 14.945 16 
27 14.955 16 
28 15.04 16 
29 15.055 16 
30 15.075 16 
31 15.165 16 
32 15.165 16 
33 15.215 16 
34 15.26 17 
35 15.225 16 
36 15.135 16 
37 15.23 17 
38 15.32 17 
39 15.32 17 
40 15.275 17 
41 15.405 17 
42 15.55 17 
43 15.465 17 
44 15.515 17 
45 15.52 17 
46 15.48 17 
47 15.61 17 
48 15.615 17 
49 15.595 18 
50 15.635 18 
51 15.625 18 
52 15.67 18 
53 15.78 18 
54 15.905 18 
55 15.895 18 
56 15.875 18 
57 15.92 18 
58 16.045 18 
59 16.17 18 
60 16.23 18 
61 16.435 19 
62 16.445 19 
63 16.45 18 
64 16.615 18 
65 16.725 18 
66 16.795 18 
67 16.85 18 
68 16.87 18 
69 16.81 18 
70 16.84 18 
71 16.98 18 
72 17.065 19 
73 17.07 19 
74 17.105 19 
75 17.05 19 
76 17.115 19 
77 17.115 19 
78 17.085 19 
79 17.14 19 
80 17.005 19 
81 17.11 19 
82 17.085 19 
83 17.145 19 
84 17.225 19 
85 17.255 19 
86 17.305 19 
87 17.25 19 
88 17.22 19 
89 17.23 19 
90 17.315 19 
91 17.34 19 
92 17.41 18 
93 17.5 19 
94 17.56 19 
95 17.495 19 
96 17.51 19 
97 17.44 19 
98 17.495 19 
99 17.575 19 
100 17.55 19 
101 17.6 19 
102 17.565 19 
103 17.665 19 
104 17.745 19 
105 17.705 19 
106 17.735 19 
107 17.84 19 
108 17.8 19 
109 17.775 19 
110 17.75 19 
111 17.73 19 
112 17.75 19 
113 17.655 19 
114 17.63 19 
115 17.685 19 
116 17.715 19 
117 17.76 19 
118 17.96 19 
119 18.015 19 
120 18.08 19 
121 18.09 20 
