0 9.86 15 
1 10.305 17 
2 10.715 17 
3 11.17 18 
4 11.61 18 
5 12.215 18 
6 12.63 18 
7 12.88 17 
8 13.09 17 
9 13.43 17 
10 13.595 17 
11 13.95 17 
12 14.24 18 
13 14.38 17 
14 14.59 18 
15 14.73 18 
16 14.955 18 
17 15.2 18 
18 15.235 18 
19 15.375 18 
20 15.335 18 
21 15.54 19 
22 15.875 19 
23 16.01 19 
24 16.09 19 
25 16.29 19 
26 16.335 19 
27 16.475 19 
28 16.57 19 
29 16.595 19 
30 16.6 19 
31 16.71 19 
32 16.715 19 
33 16.655 19 
34 16.75 19 
35 16.875 19 
36 16.945 19 
37 17.0 19 
38 16.925 19 
39 16.91 19 
40 16.935 19 
41 16.95 20 
