0 9.95 16 
1 10.39 16 
2 10.7 16 
3 11.17 16 
4 11.665 16 
5 12.05 16 
6 12.545 16 
7 13.15 16 
8 13.465 16 
9 13.53 16 
10 13.82 16 
11 14.04 16 
12 14.12 16 
13 14.26 17 
14 14.3 16 
15 14.53 16 
16 14.5 17 
17 14.625 17 
18 14.79 16 
19 14.845 17 
20 15.05 17 
21 15.025 16 
22 15.055 17 
23 15.105 17 
24 15.125 17 
25 15.395 17 
26 15.435 17 
27 15.555 17 
28 15.625 17 
29 15.59 17 
30 15.56 17 
31 15.5 17 
32 15.555 17 
33 15.57 17 
34 15.56 17 
35 15.585 16 
36 15.555 17 
37 15.54 16 
38 15.6 16 
39 15.67 17 
40 15.585 17 
41 15.61 17 
42 15.635 17 
43 15.76 17 
44 15.73 17 
45 15.69 17 
46 15.67 17 
47 15.69 17 
48 15.77 17 
49 15.745 17 
50 15.72 17 
51 15.785 17 
52 15.805 17 
53 15.855 17 
54 15.83 17 
55 15.855 17 
56 15.835 17 
57 15.86 18 
58 15.95 18 
59 15.955 18 
60 15.99 18 
61 15.915 18 
62 15.895 18 
63 15.815 18 
64 15.85 18 
65 15.805 18 
66 15.805 18 
67 15.855 18 
68 15.845 18 
69 15.88 18 
70 15.81 18 
71 15.78 18 
72 15.745 18 
73 15.7 18 
74 15.68 18 
75 15.77 18 
76 15.81 18 
77 15.85 18 
78 15.87 18 
79 15.92 18 
80 15.88 18 
81 15.82 18 
82 15.93 18 
83 15.895 18 
84 15.875 18 
85 15.94 18 
86 16.015 18 
87 16.135 18 
88 16.26 18 
89 16.22 18 
90 16.275 18 
91 16.27 18 
92 16.28 18 
93 16.355 18 
94 16.42 18 
95 16.475 18 
96 16.485 19 
97 16.645 18 
98 16.65 18 
99 16.7 18 
100 16.855 18 
101 16.895 18 
102 16.83 18 
103 16.905 19 
104 17.115 19 
105 17.065 19 
106 17.185 19 
107 17.25 19 
108 17.29 19 
109 17.325 19 
110 17.535 19 
111 17.625 19 
112 17.695 19 
113 17.735 19 
114 17.775 19 
115 17.775 19 
116 17.795 19 
117 17.74 19 
118 17.705 19 
119 17.755 19 
120 17.71 19 
121 17.72 19 
122 17.705 19 
123 17.74 19 
124 17.73 19 
125 17.785 19 
126 17.855 19 
127 17.925 20 
