0 10.61 17 
1 11.04 17 
2 11.435 17 
3 11.65 17 
4 11.995 17 
5 12.105 17 
6 12.565 17 
7 12.915 18 
8 13.285 18 
9 13.405 18 
10 13.875 18 
11 14.285 18 
12 14.555 18 
13 14.705 18 
14 14.84 18 
15 15.02 18 
16 15.19 18 
17 15.105 18 
18 15.285 18 
19 15.405 18 
20 15.27 18 
21 15.355 18 
22 15.44 18 
23 15.375 19 
24 15.485 19 
25 15.635 19 
26 15.65 19 
27 15.455 18 
28 15.61 19 
29 15.72 19 
30 15.9 19 
31 15.875 19 
32 15.885 19 
33 15.875 18 
34 16.025 18 
35 16.04 18 
36 16.25 19 
37 16.375 19 
38 16.51 19 
39 16.66 19 
40 16.795 20 
