0 10.21 15 
1 10.75 15 
2 11.215 15 
3 11.46 15 
4 11.665 15 
5 11.955 15 
6 12.225 15 
7 12.335 15 
8 12.535 15 
9 12.775 15 
10 12.75 15 
11 12.79 15 
12 12.775 15 
13 13.045 16 
14 13.065 16 
15 13.18 16 
16 13.345 16 
17 13.495 16 
18 13.555 16 
19 13.655 16 
20 13.855 16 
21 14.05 16 
22 14.095 16 
23 14.185 16 
24 14.18 16 
25 14.28 16 
26 14.34 16 
27 14.38 16 
28 14.53 16 
29 14.515 16 
30 14.485 16 
31 14.565 16 
32 14.715 16 
33 14.75 16 
34 14.81 16 
35 14.91 16 
36 14.91 16 
37 15.06 16 
38 15.135 16 
39 15.18 17 
40 15.185 17 
41 15.165 16 
42 15.25 16 
43 15.26 17 
44 15.28 17 
45 15.27 17 
46 15.27 18 
47 15.28 18 
48 15.305 18 
49 15.315 17 
50 15.32 17 
51 15.355 18 
52 15.34 18 
53 15.37 18 
54 15.495 18 
55 15.53 18 
56 15.58 18 
57 15.715 18 
58 15.78 18 
59 15.85 18 
60 15.845 18 
61 15.89 18 
62 15.775 18 
63 15.74 18 
64 15.865 18 
65 15.855 18 
66 15.88 18 
67 15.805 18 
68 15.81 18 
69 15.9 18 
70 16.005 18 
71 15.99 18 
72 15.985 18 
73 16.015 18 
74 16.14 18 
75 16.375 18 
76 16.4 18 
77 16.425 18 
78 16.36 18 
79 16.455 18 
80 16.51 18 
81 16.585 18 
82 16.615 18 
83 16.76 18 
84 16.675 18 
85 16.765 18 
86 16.81 18 
87 16.91 18 
88 16.895 19 
89 16.995 19 
90 17.04 19 
91 17.07 19 
92 17.175 19 
93 17.26 19 
94 17.37 19 
95 17.42 19 
96 17.53 19 
97 17.495 19 
98 17.71 19 
99 17.64 19 
100 17.745 19 
101 17.895 19 
102 17.97 19 
103 17.965 19 
104 18.005 19 
105 18.03 19 
106 18.0 19 
107 17.88 19 
108 17.93 19 
109 17.945 19 
110 17.975 19 
111 17.97 19 
112 17.99 19 
113 17.945 19 
114 17.965 19 
115 17.99 19 
116 18.01 19 
117 18.085 19 
118 18.11 19 
119 18.055 19 
120 18.115 19 
121 18.14 19 
122 18.22 19 
123 18.16 19 
124 18.245 19 
125 18.225 19 
126 18.285 20 
