0 9.82 15 
1 10.35 15 
2 11.025 15 
3 11.275 15 
4 11.745 15 
5 11.855 15 
6 12.205 15 
7 12.29 16 
8 12.48 16 
9 12.655 15 
10 12.77 16 
11 12.925 16 
12 13.09 16 
13 13.355 16 
14 13.375 16 
15 13.535 17 
16 13.51 17 
17 13.585 17 
18 13.6 17 
19 13.615 17 
20 13.805 17 
21 13.995 17 
22 14.115 19 
23 14.4 19 
24 14.385 19 
25 14.555 19 
26 15.025 19 
27 15.14 19 
28 15.485 19 
29 15.89 19 
30 16.155 19 
31 16.465 19 
32 16.645 19 
33 17.015 19 
34 17.02 19 
35 17.39 19 
36 17.545 19 
37 17.685 20 
