0 9.73 16 
1 10.03 16 
2 10.305 16 
3 10.45 16 
4 10.685 16 
5 11.25 17 
6 11.855 17 
7 11.985 17 
8 12.295 17 
9 12.53 17 
10 12.805 17 
11 13.02 17 
12 13.32 17 
13 13.545 17 
14 13.66 17 
15 13.835 17 
16 14.075 17 
17 14.385 18 
18 14.4 19 
19 14.565 17 
20 14.665 17 
21 14.915 18 
22 14.95 17 
23 14.985 17 
24 15.23 19 
25 15.34 19 
26 15.47 19 
27 15.605 19 
28 15.58 18 
29 15.57 18 
30 15.615 19 
31 15.95 19 
32 15.975 19 
33 16.05 19 
34 16.13 19 
35 15.95 19 
36 15.835 19 
37 15.84 19 
38 15.895 18 
39 16.065 18 
40 16.135 19 
41 16.405 19 
42 16.57 19 
43 16.5 19 
44 16.72 19 
45 16.725 20 
