0 10.16 16 
1 10.72 16 
2 10.865 16 
3 11.24 16 
4 11.555 17 
5 11.825 18 
6 12.04 18 
7 12.31 18 
8 12.69 18 
9 13.11 19 
10 13.51 19 
11 13.98 18 
12 14.065 18 
13 14.375 18 
14 14.72 18 
15 15.095 18 
16 15.17 19 
17 15.17 19 
18 15.09 19 
19 15.405 19 
20 15.575 19 
21 15.805 19 
22 15.88 19 
23 16.02 19 
24 16.075 19 
25 16.205 19 
26 16.29 19 
27 16.42 19 
28 16.57 19 
29 16.495 19 
30 16.56 19 
31 16.61 19 
32 16.68 19 
33 16.68 19 
34 16.735 19 
35 16.875 19 
36 16.925 19 
37 16.965 19 
38 17.035 19 
39 16.945 19 
40 17.025 19 
41 17.15 19 
42 17.185 19 
43 17.205 19 
44 17.315 20 
