0 9.88 16 
1 10.325 16 
2 10.885 16 
3 11.265 15 
4 11.33 15 
5 11.665 15 
6 12.245 15 
7 12.47 15 
8 12.775 15 
9 12.99 15 
10 13.025 15 
11 13.205 15 
12 13.33 15 
13 13.63 15 
14 13.735 16 
15 13.86 16 
16 13.85 16 
17 13.845 16 
18 14.06 16 
19 14.125 16 
20 14.155 16 
21 14.23 16 
22 14.34 16 
23 14.44 16 
24 14.445 16 
25 14.385 16 
26 14.46 16 
27 14.4 16 
28 14.505 17 
29 14.43 17 
30 14.51 17 
31 14.65 17 
32 14.675 17 
33 14.68 16 
34 14.665 16 
35 14.775 16 
36 14.8 16 
37 14.815 16 
38 14.825 16 
39 14.855 17 
40 14.9 17 
41 15.095 17 
42 15.1 17 
43 15.11 17 
44 15.205 17 
45 15.36 17 
46 15.455 17 
47 15.495 17 
48 15.565 17 
49 15.58 17 
50 15.65 17 
51 15.705 17 
52 15.7 17 
53 15.64 17 
54 15.59 17 
55 15.53 17 
56 15.48 17 
57 15.44 17 
58 15.505 17 
59 15.59 17 
60 15.75 17 
61 15.79 18 
62 15.8 18 
63 15.81 17 
64 15.715 17 
65 15.785 17 
66 15.82 17 
67 15.94 17 
68 15.995 17 
69 16.005 17 
70 16.09 17 
71 16.14 17 
72 16.195 18 
73 16.125 18 
74 16.205 17 
75 16.125 17 
76 16.135 17 
77 16.06 17 
78 16.08 17 
79 16.05 17 
80 16.105 17 
81 16.115 17 
82 16.15 17 
83 16.115 17 
84 16.22 17 
85 16.29 17 
86 16.31 17 
87 16.32 17 
88 16.42 17 
89 16.435 17 
90 16.42 17 
91 16.39 17 
92 16.36 17 
93 16.29 18 
94 16.275 17 
95 16.275 17 
96 16.26 17 
97 16.23 17 
98 16.31 17 
99 16.355 17 
100 16.29 18 
101 16.28 17 
102 16.33 17 
103 16.31 17 
104 16.415 17 
105 16.45 17 
106 16.4 18 
107 16.4 18 
108 16.505 18 
109 16.54 18 
110 16.605 18 
111 16.645 18 
112 16.65 18 
113 16.77 18 
114 16.735 18 
115 16.78 18 
116 16.81 18 
117 16.865 18 
118 16.84 18 
119 16.88 18 
120 16.875 18 
121 16.885 18 
122 16.935 19 
123 17.005 19 
124 17.035 19 
125 17.04 19 
126 17.035 19 
127 17.13 19 
128 17.19 19 
129 17.125 18 
130 17.11 19 
131 17.16 19 
132 17.155 19 
133 17.075 19 
134 17.105 19 
135 17.19 19 
136 17.205 19 
137 17.25 19 
138 17.245 19 
139 17.205 18 
140 17.165 18 
141 17.155 18 
142 17.165 18 
143 17.14 18 
144 17.17 18 
145 17.17 18 
146 17.135 18 
147 17.175 18 
148 17.22 18 
149 17.27 18 
150 17.18 18 
151 17.245 18 
152 17.3 18 
153 17.265 19 
154 17.23 19 
155 17.245 19 
156 17.295 19 
157 17.295 19 
158 17.29 19 
159 17.215 19 
160 17.24 19 
161 17.2 19 
162 17.185 19 
163 17.21 19 
164 17.25 19 
165 17.24 19 
166 17.305 19 
167 17.3 19 
168 17.38 19 
169 17.275 19 
170 17.385 19 
171 17.435 19 
172 17.565 19 
173 17.475 19 
174 17.54 19 
175 17.43 19 
176 17.525 19 
177 17.475 19 
178 17.47 18 
179 17.485 18 
180 17.575 18 
181 17.64 18 
182 17.6 18 
183 17.655 19 
184 17.685 19 
185 17.7 19 
186 17.67 18 
187 17.695 18 
188 17.715 18 
189 17.665 18 
190 17.75 18 
191 17.77 18 
192 17.81 18 
193 17.765 18 
194 17.71 18 
195 17.665 18 
196 17.73 18 
197 17.665 18 
198 17.705 18 
199 17.77 18 
200 17.74 18 
201 17.77 18 
202 17.785 18 
203 17.785 18 
204 17.76 19 
205 17.77 18 
206 17.77 18 
207 17.73 18 
208 17.73 18 
209 17.725 18 
210 17.72 19 
211 17.75 19 
212 17.76 19 
213 17.745 19 
214 17.78 19 
215 17.81 19 
216 17.76 19 
217 17.775 19 
218 17.815 19 
219 17.79 19 
220 17.775 19 
221 17.75 19 
222 17.695 19 
223 17.675 19 
224 17.58 19 
225 17.505 18 
226 17.6 18 
227 17.715 18 
228 17.76 19 
229 17.715 18 
230 17.755 18 
231 17.735 18 
232 17.735 18 
233 17.765 18 
234 17.74 18 
235 17.795 19 
236 17.79 19 
237 17.84 19 
238 17.865 19 
239 17.905 19 
240 17.965 19 
241 17.87 19 
242 17.835 19 
243 17.86 19 
244 17.88 19 
245 17.885 19 
246 17.84 19 
247 17.76 19 
248 17.735 19 
249 17.66 19 
250 17.67 19 
251 17.725 19 
252 17.665 19 
253 17.635 19 
254 17.6 19 
255 17.56 19 
256 17.535 19 
257 17.565 19 
258 17.55 19 
259 17.615 19 
260 17.625 19 
261 17.66 19 
262 17.635 19 
263 17.61 19 
264 17.665 19 
265 17.64 18 
266 17.61 18 
267 17.555 18 
268 17.59 18 
269 17.635 18 
270 17.62 18 
271 17.6 18 
272 17.61 18 
273 17.68 18 
274 17.67 18 
275 17.615 18 
276 17.62 19 
277 17.585 19 
278 17.51 19 
279 17.425 19 
280 17.355 18 
281 17.325 18 
282 17.335 19 
283 17.365 19 
284 17.45 19 
285 17.405 19 
286 17.395 19 
287 17.46 19 
288 17.435 19 
289 17.465 19 
290 17.46 19 
291 17.44 19 
292 17.435 19 
293 17.475 19 
294 17.525 19 
295 17.495 19 
296 17.435 19 
297 17.43 19 
298 17.375 19 
299 17.43 19 
300 17.475 19 
301 17.525 19 
302 17.555 19 
303 17.57 19 
304 17.53 19 
305 17.53 19 
306 17.565 19 
307 17.585 19 
308 17.62 19 
309 17.59 19 
310 17.545 19 
311 17.66 19 
312 17.73 20 
