0 9.72 14 
1 10.215 14 
2 10.615 15 
3 10.915 15 
4 11.325 14 
5 11.745 15 
6 11.99 15 
7 12.22 15 
8 12.385 16 
9 12.425 16 
10 12.575 16 
11 12.865 16 
12 12.995 16 
13 13.175 16 
14 13.31 17 
15 13.59 17 
16 13.84 17 
17 13.92 17 
18 14.04 17 
19 14.05 17 
20 13.985 17 
21 14.02 17 
22 14.19 17 
23 14.295 17 
24 14.455 19 
25 14.52 19 
26 14.56 17 
27 14.54 17 
28 14.63 17 
29 14.74 18 
30 14.885 17 
31 15.06 17 
32 15.165 17 
33 15.205 18 
34 15.22 18 
35 15.29 18 
36 15.455 18 
37 15.66 18 
38 15.655 19 
39 15.905 19 
40 16.005 19 
41 16.21 19 
42 16.29 19 
43 16.285 19 
44 16.365 19 
45 16.435 19 
46 16.39 19 
47 16.39 19 
48 16.505 19 
49 16.54 19 
50 16.63 19 
51 16.565 19 
52 16.575 19 
53 16.695 19 
54 16.68 19 
55 16.79 19 
56 16.81 19 
57 16.915 19 
58 16.965 19 
59 16.96 19 
60 17.045 19 
61 17.035 19 
62 17.095 19 
63 17.17 19 
64 17.06 19 
65 17.245 19 
66 17.305 19 
67 17.38 19 
68 17.515 19 
69 17.67 19 
70 17.745 19 
71 17.86 19 
72 17.92 20 
