0 9.89 16 
1 10.49 16 
2 11.295 16 
3 11.66 16 
4 11.965 16 
5 12.46 16 
6 12.74 16 
7 13.03 16 
8 13.32 16 
9 13.52 16 
10 13.81 17 
11 14.19 17 
12 14.365 17 
13 14.7 17 
14 14.93 17 
15 14.855 17 
16 14.89 17 
17 15.015 17 
18 15.035 16 
19 15.09 16 
20 15.255 16 
21 15.355 17 
22 15.365 17 
23 15.385 17 
24 15.45 17 
25 15.49 17 
26 15.51 17 
27 15.465 17 
28 15.56 17 
29 15.59 17 
30 15.555 17 
31 15.615 17 
32 15.66 17 
33 15.64 17 
34 15.655 17 
35 15.67 17 
36 15.665 17 
37 15.67 18 
38 15.705 18 
39 15.745 18 
40 15.81 18 
41 15.825 18 
42 15.88 18 
43 16.055 18 
44 16.135 18 
45 16.145 18 
46 16.15 18 
47 16.085 18 
48 16.09 18 
49 16.145 18 
50 16.225 18 
51 16.34 18 
52 16.375 18 
53 16.39 18 
54 16.395 18 
55 16.455 18 
56 16.575 18 
57 16.67 18 
58 16.74 18 
59 16.79 18 
60 16.75 18 
61 16.795 18 
62 16.785 18 
63 16.84 18 
64 16.815 18 
65 16.84 18 
66 16.78 18 
67 16.845 18 
68 16.86 18 
69 16.915 18 
70 16.91 18 
71 16.895 18 
72 16.87 19 
73 16.795 19 
74 16.845 19 
75 16.88 19 
76 16.9 19 
77 16.93 19 
78 16.935 19 
79 17.005 19 
80 17.05 19 
81 17.05 19 
82 16.985 19 
83 17.035 19 
84 17.03 19 
85 17.08 19 
86 17.185 19 
87 17.09 19 
88 17.095 19 
89 17.075 19 
90 17.06 19 
91 17.125 19 
92 17.08 19 
93 17.13 19 
94 17.22 19 
95 17.235 18 
96 17.145 18 
97 17.21 18 
98 17.225 19 
99 17.225 18 
100 17.285 18 
101 17.3 19 
102 17.32 19 
103 17.33 19 
104 17.365 19 
105 17.405 19 
106 17.46 19 
107 17.455 19 
108 17.445 19 
109 17.51 19 
110 17.545 19 
111 17.41 19 
112 17.5 19 
113 17.6 19 
114 17.525 19 
115 17.5 19 
116 17.565 19 
117 17.545 20 
