0 9.93 16 
1 10.385 16 
2 11.39 16 
3 12.04 18 
4 12.39 18 
5 12.605 18 
6 12.865 18 
7 13.405 18 
8 13.295 18 
9 13.615 18 
10 13.995 18 
11 14.395 18 
12 14.61 18 
13 14.945 18 
14 14.945 18 
15 15.105 18 
16 15.225 18 
17 15.345 18 
18 15.505 18 
19 15.635 18 
20 15.78 18 
21 15.935 18 
22 15.87 18 
23 15.865 18 
24 15.93 18 
25 15.995 18 
26 16.055 18 
27 16.04 18 
28 16.1 18 
29 16.215 18 
30 16.29 18 
31 16.365 18 
32 16.395 18 
33 16.5 18 
34 16.62 19 
35 16.58 18 
36 16.59 19 
37 16.605 19 
38 16.625 19 
39 16.735 19 
40 16.765 19 
41 16.725 19 
42 16.72 19 
43 16.835 19 
44 16.89 19 
45 16.88 19 
46 17.02 19 
47 17.02 19 
48 17.13 19 
49 17.26 20 
