0 10.19 16 
1 10.585 16 
2 11.14 16 
3 11.27 16 
4 11.955 16 
5 12.725 16 
6 13.44 16 
7 13.64 16 
8 13.955 16 
9 14.185 16 
10 14.485 16 
11 14.465 16 
12 14.515 16 
13 14.555 16 
14 14.5 15 
15 14.49 16 
16 14.49 16 
17 14.465 15 
18 14.48 16 
19 14.525 16 
20 14.51 16 
21 14.53 16 
22 14.555 16 
23 14.57 16 
24 14.58 16 
25 14.56 16 
26 14.54 16 
27 14.525 16 
28 14.59 16 
29 14.615 16 
30 14.575 16 
31 14.525 16 
32 14.605 16 
33 14.57 16 
34 14.59 16 
35 14.65 16 
36 14.645 16 
37 14.555 16 
38 14.575 16 
39 14.635 16 
40 14.645 16 
41 14.62 15 
42 14.62 15 
43 14.695 16 
44 14.715 15 
45 14.74 15 
46 14.77 15 
47 14.805 15 
48 14.87 16 
49 14.83 16 
50 14.895 16 
51 14.86 16 
52 14.87 16 
53 14.885 16 
54 14.885 16 
55 14.91 16 
56 14.945 16 
57 14.89 16 
58 14.86 16 
59 14.865 16 
60 14.91 16 
61 14.81 16 
62 14.885 16 
63 14.925 16 
64 14.92 16 
65 14.935 16 
66 15.005 17 
67 15.04 17 
68 14.96 16 
69 14.975 16 
70 14.97 16 
71 15.12 16 
72 15.18 17 
73 15.215 16 
74 15.225 16 
75 15.22 16 
76 15.165 16 
77 15.175 16 
78 15.21 16 
79 15.315 16 
80 15.365 16 
81 15.355 17 
82 15.42 17 
83 15.385 17 
84 15.405 17 
85 15.46 17 
86 15.535 17 
87 15.56 17 
88 15.7 17 
89 15.765 17 
90 15.75 17 
91 15.79 18 
92 15.745 17 
93 15.775 17 
94 15.73 17 
95 15.775 17 
96 15.835 17 
97 15.895 17 
98 15.925 17 
99 15.93 17 
100 15.92 17 
101 15.995 17 
102 16.03 17 
103 16.015 17 
104 15.915 17 
105 15.895 17 
106 15.945 17 
107 15.9 17 
108 15.875 18 
109 15.825 17 
110 15.815 17 
111 15.79 17 
112 15.81 17 
113 15.805 17 
114 15.82 17 
115 15.78 17 
116 15.77 17 
117 15.78 17 
118 15.805 17 
119 15.865 17 
120 15.895 17 
121 15.88 17 
122 15.865 17 
123 15.845 17 
124 15.835 17 
125 15.98 17 
126 16.005 17 
127 16.085 18 
128 16.19 17 
129 16.16 17 
130 16.055 17 
131 16.08 17 
132 16.19 17 
133 16.24 18 
134 16.35 18 
135 16.47 18 
136 16.51 18 
137 16.455 18 
138 16.45 18 
139 16.455 18 
140 16.505 18 
141 16.485 17 
142 16.47 18 
143 16.48 18 
144 16.52 18 
145 16.555 18 
146 16.535 18 
147 16.53 18 
148 16.5 18 
149 16.485 18 
150 16.53 18 
151 16.52 17 
152 16.61 18 
153 16.565 17 
154 16.545 18 
155 16.59 18 
156 16.6 17 
157 16.645 18 
158 16.715 18 
159 16.745 18 
160 16.775 18 
161 16.785 18 
162 16.785 18 
163 16.74 18 
164 16.675 18 
165 16.705 18 
166 16.77 18 
167 16.81 18 
168 16.875 18 
169 16.86 18 
170 16.84 18 
171 16.765 18 
172 16.735 18 
173 16.715 18 
174 16.815 18 
175 16.79 18 
176 16.815 18 
177 16.865 18 
178 16.925 18 
179 16.965 18 
180 16.975 18 
181 16.94 18 
182 16.97 18 
183 16.93 18 
184 16.93 18 
185 16.945 18 
186 16.955 18 
187 16.945 18 
188 16.87 18 
189 16.85 18 
190 16.855 18 
191 16.855 18 
192 16.875 18 
193 16.85 18 
194 16.88 18 
195 16.885 18 
196 16.94 18 
197 16.945 18 
198 16.89 18 
199 16.84 18 
200 16.785 18 
201 16.8 18 
202 16.785 18 
203 16.79 18 
204 16.8 18 
205 16.805 18 
206 16.785 18 
207 16.765 18 
208 16.745 18 
209 16.725 18 
210 16.695 18 
211 16.76 18 
212 16.725 18 
213 16.725 18 
214 16.69 18 
215 16.75 18 
216 16.745 18 
217 16.72 18 
218 16.69 18 
219 16.705 18 
220 16.625 18 
221 16.69 18 
222 16.66 18 
223 16.645 18 
224 16.645 18 
225 16.535 18 
226 16.525 18 
227 16.605 18 
228 16.56 18 
229 16.56 18 
230 16.485 18 
231 16.46 18 
232 16.405 18 
233 16.39 18 
234 16.345 18 
235 16.36 18 
236 16.525 18 
237 16.67 18 
238 16.68 18 
239 16.725 18 
240 16.865 18 
241 16.88 18 
242 17.025 18 
243 17.095 18 
244 17.18 18 
245 17.145 18 
246 17.155 18 
247 17.135 18 
248 17.08 18 
249 17.06 18 
250 17.11 18 
251 17.145 18 
252 17.21 18 
253 17.195 18 
254 17.215 19 
255 17.235 19 
256 17.295 19 
257 17.285 19 
258 17.175 19 
259 17.21 19 
260 17.18 19 
261 17.165 19 
262 17.215 19 
263 17.265 19 
264 17.34 19 
265 17.385 19 
266 17.46 19 
267 17.48 19 
268 17.59 19 
269 17.56 19 
270 17.525 19 
271 17.54 19 
272 17.5 19 
273 17.5 19 
274 17.44 19 
275 17.465 19 
276 17.495 19 
277 17.525 19 
278 17.65 19 
279 17.825 19 
280 17.765 19 
281 17.84 19 
282 17.82 19 
283 17.905 19 
284 17.9 19 
285 17.86 19 
286 17.925 19 
287 17.925 19 
288 18.095 19 
289 18.175 19 
290 18.24 19 
291 18.355 19 
292 18.28 19 
293 18.165 19 
294 18.2 19 
295 18.26 19 
296 18.265 19 
297 18.2 19 
298 18.13 19 
299 18.095 19 
300 18.055 19 
301 18.09 19 
302 18.08 19 
303 18.095 19 
304 18.1 19 
305 18.185 19 
306 18.235 19 
307 18.25 19 
308 18.33 20 
