0 9.74 16 
1 10.065 16 
2 10.595 16 
3 10.87 16 
4 11.345 16 
5 11.34 16 
6 11.81 16 
7 12.265 16 
8 12.79 16 
9 12.805 16 
10 13.05 16 
11 13.17 16 
12 13.31 16 
13 13.725 17 
14 13.985 16 
15 14.15 16 
16 14.425 16 
17 14.56 16 
18 14.615 17 
19 14.72 17 
20 14.69 17 
21 14.785 17 
22 14.85 17 
23 15.135 17 
24 15.22 17 
25 15.265 17 
26 15.25 17 
27 15.465 17 
28 15.5 17 
29 15.435 17 
30 15.47 17 
31 15.545 17 
32 15.515 17 
33 15.575 17 
34 15.67 17 
35 15.795 17 
36 15.895 17 
37 15.905 17 
38 15.845 17 
39 15.96 17 
40 15.935 17 
41 15.945 17 
42 15.925 17 
43 16.005 17 
44 16.025 17 
45 15.995 17 
46 16.0 17 
47 15.965 17 
48 16.015 17 
49 16.015 18 
50 16.015 18 
51 15.95 18 
52 15.96 18 
53 16.0 18 
54 16.06 18 
55 16.075 18 
56 16.125 18 
57 16.205 18 
58 16.155 18 
59 16.19 18 
60 16.255 18 
61 16.225 18 
62 16.335 18 
63 16.39 18 
64 16.525 18 
65 16.625 18 
66 16.605 18 
67 16.635 18 
68 16.72 18 
69 16.775 18 
70 16.69 18 
71 16.785 18 
72 16.795 18 
73 16.855 18 
74 16.845 18 
75 16.945 18 
76 16.885 18 
77 16.955 18 
78 16.945 18 
79 17.065 18 
80 17.075 19 
81 17.025 19 
82 16.975 19 
83 16.96 19 
84 16.91 18 
85 17.0 18 
86 16.945 18 
87 16.99 18 
88 17.045 18 
89 17.115 18 
90 17.115 18 
91 17.3 18 
92 17.385 19 
93 17.355 19 
94 17.37 19 
95 17.45 19 
96 17.47 19 
97 17.51 19 
98 17.49 19 
99 17.505 19 
100 17.5 19 
101 17.555 19 
102 17.505 19 
103 17.595 19 
104 17.63 19 
105 17.705 19 
106 17.815 19 
107 17.76 19 
108 17.695 19 
109 17.73 19 
110 17.835 19 
111 17.885 19 
112 17.92 19 
113 17.915 19 
114 17.935 20 
