0 9.99 16 
1 10.3 16 
2 10.75 15 
3 11.17 15 
4 11.28 15 
5 11.425 16 
6 11.7 15 
7 11.815 15 
8 11.9 16 
9 12.165 16 
10 12.195 16 
11 12.415 16 
12 12.845 16 
13 13.115 18 
14 13.265 17 
15 13.69 17 
16 14.08 19 
17 14.385 19 
18 14.505 19 
19 14.655 19 
20 14.9 19 
21 15.075 19 
22 15.34 19 
23 15.495 19 
24 15.725 19 
25 15.84 19 
26 15.915 19 
27 15.88 19 
28 16.05 19 
29 16.17 19 
30 16.24 19 
31 16.32 19 
32 16.38 19 
33 16.54 19 
34 16.57 19 
35 16.685 19 
36 16.835 19 
37 16.88 19 
38 16.89 19 
39 16.925 19 
40 16.995 19 
41 17.025 19 
42 17.045 19 
43 17.145 19 
44 17.19 19 
45 17.265 19 
46 17.355 19 
47 17.435 19 
48 17.425 19 
49 17.36 19 
50 17.4 19 
51 17.415 19 
52 17.49 19 
53 17.345 19 
54 17.35 19 
55 17.46 19 
56 17.655 20 
