0 10.25 16 
1 10.755 16 
2 11.135 17 
3 11.545 17 
4 11.92 17 
5 12.245 17 
6 12.585 17 
7 12.55 17 
8 12.675 17 
9 12.91 18 
10 13.395 18 
11 13.97 18 
12 14.49 18 
13 14.525 18 
14 14.755 18 
15 15.075 18 
16 15.57 18 
17 15.705 18 
18 15.92 18 
19 15.94 18 
20 16.055 18 
21 16.245 18 
22 16.315 18 
23 16.44 18 
24 16.455 18 
25 16.57 18 
26 16.59 18 
27 16.61 18 
28 16.66 18 
29 16.76 18 
30 16.885 18 
31 16.86 18 
32 16.83 18 
33 16.845 18 
34 16.94 18 
35 16.955 18 
36 16.925 18 
37 16.925 18 
38 16.965 18 
39 16.945 18 
40 16.94 19 
41 16.99 19 
42 16.975 18 
43 17.045 18 
44 17.06 18 
45 17.12 18 
46 17.08 18 
47 17.095 18 
48 17.095 18 
49 17.09 19 
50 17.175 18 
51 17.135 18 
52 17.17 18 
53 17.195 18 
54 17.245 18 
55 17.21 18 
56 17.105 18 
57 17.07 18 
58 17.01 18 
59 17.01 18 
60 16.99 18 
61 16.95 18 
62 17.005 18 
63 17.055 18 
64 17.045 18 
65 17.035 18 
66 17.08 18 
67 17.14 19 
68 17.155 19 
69 17.17 19 
70 17.165 18 
71 17.21 18 
72 17.19 18 
73 17.18 18 
74 17.225 18 
75 17.255 19 
76 17.255 18 
77 17.23 18 
78 17.25 18 
79 17.215 19 
80 17.18 19 
81 17.21 19 
82 17.23 18 
83 17.29 18 
84 17.23 18 
85 17.215 18 
86 17.185 19 
87 17.14 18 
88 17.165 19 
89 17.23 19 
90 17.265 18 
91 17.27 18 
92 17.38 18 
93 17.345 18 
94 17.365 18 
95 17.255 18 
96 17.225 18 
97 17.26 18 
98 17.315 18 
99 17.275 18 
100 17.305 19 
101 17.335 18 
102 17.38 18 
103 17.385 19 
104 17.395 19 
105 17.365 19 
106 17.445 19 
107 17.49 19 
108 17.435 19 
109 17.335 19 
110 17.345 19 
111 17.35 19 
112 17.385 19 
113 17.46 19 
114 17.455 19 
115 17.53 19 
116 17.57 19 
117 17.625 20 
