0 9.97 15 
1 10.38 15 
2 11.015 17 
3 11.29 16 
4 11.635 16 
5 11.735 15 
6 12.1 15 
7 12.165 15 
8 12.41 15 
9 12.7 16 
10 12.805 16 
11 12.92 16 
12 13.17 16 
13 13.24 17 
14 13.27 17 
15 13.385 17 
16 13.565 17 
17 13.705 17 
18 13.935 17 
19 13.95 17 
20 14.035 17 
21 14.245 17 
22 14.435 17 
23 14.505 18 
24 14.535 18 
25 14.58 19 
26 14.795 19 
27 14.89 19 
28 15.11 19 
29 15.265 19 
30 15.43 19 
31 15.545 19 
32 15.58 19 
33 15.67 19 
34 15.575 19 
35 15.78 19 
36 15.925 19 
37 15.895 19 
38 15.975 19 
39 15.97 19 
40 16.025 19 
41 16.105 19 
42 16.285 20 
