0 9.67 15 
1 10.445 15 
2 11.165 15 
3 11.805 15 
4 12.435 15 
5 12.62 15 
6 12.86 16 
7 13.235 16 
8 13.8 16 
9 13.99 16 
10 14.175 16 
11 14.11 16 
12 14.24 16 
13 14.285 16 
14 14.46 16 
15 14.565 16 
16 14.63 16 
17 14.695 16 
18 14.655 16 
19 14.755 16 
20 14.73 16 
21 14.77 16 
22 14.735 16 
23 14.87 16 
24 14.83 16 
25 14.815 16 
26 14.92 16 
27 14.92 16 
28 14.86 16 
29 14.845 16 
30 14.86 17 
31 14.945 17 
32 15.02 17 
33 15.035 16 
34 15.085 16 
35 15.19 16 
36 15.145 17 
37 15.15 17 
38 15.205 17 
39 15.275 17 
40 15.45 17 
41 15.505 17 
42 15.58 17 
43 15.595 17 
44 15.6 17 
45 15.585 17 
46 15.615 17 
47 15.67 17 
48 15.67 17 
49 15.715 17 
50 15.785 17 
51 15.765 17 
52 15.745 17 
53 15.715 18 
54 15.67 18 
55 15.665 18 
56 15.665 18 
57 15.715 18 
58 15.78 18 
59 15.72 18 
60 15.735 18 
61 15.775 17 
62 15.795 17 
63 15.92 17 
64 15.955 18 
65 15.96 18 
66 15.95 18 
67 15.83 17 
68 15.81 17 
69 15.93 17 
70 15.935 17 
71 15.93 17 
72 15.94 17 
73 15.935 17 
74 15.93 17 
75 15.985 17 
76 16.015 17 
77 16.11 17 
78 16.09 17 
79 16.12 18 
80 16.07 18 
81 16.18 17 
82 16.185 17 
83 16.215 18 
84 16.245 17 
85 16.335 18 
86 16.335 18 
87 16.34 18 
88 16.385 18 
89 16.36 18 
90 16.335 18 
91 16.355 18 
92 16.44 18 
93 16.455 18 
94 16.44 18 
95 16.505 18 
96 16.49 17 
97 16.56 17 
98 16.595 17 
99 16.565 17 
100 16.545 17 
101 16.545 18 
102 16.495 18 
103 16.555 18 
104 16.59 18 
105 16.565 18 
106 16.52 18 
107 16.51 18 
108 16.525 18 
109 16.485 18 
110 16.535 18 
111 16.545 18 
112 16.7 18 
113 16.71 18 
114 16.645 18 
115 16.64 18 
116 16.725 18 
117 16.89 18 
118 16.84 18 
119 16.85 18 
120 16.85 18 
121 16.85 18 
122 16.78 18 
123 16.76 19 
124 16.755 18 
125 16.81 18 
126 16.93 18 
127 17.02 19 
128 17.06 19 
129 17.025 19 
130 17.055 19 
131 17.08 19 
132 17.18 19 
133 17.32 19 
134 17.38 19 
135 17.415 19 
136 17.455 19 
137 17.45 19 
138 17.485 19 
139 17.485 19 
140 17.505 19 
141 17.46 19 
142 17.52 19 
143 17.595 19 
144 17.61 19 
145 17.71 19 
146 17.735 19 
147 17.68 19 
148 17.66 19 
149 17.645 19 
150 17.71 18 
151 17.665 18 
152 17.72 18 
153 17.71 18 
154 17.65 18 
155 17.605 19 
156 17.63 19 
157 17.655 19 
158 17.615 18 
159 17.62 18 
160 17.695 18 
161 17.675 18 
162 17.685 18 
163 17.705 18 
164 17.655 18 
165 17.67 18 
166 17.63 18 
167 17.565 18 
168 17.57 18 
169 17.605 18 
170 17.62 19 
171 17.665 18 
172 17.64 19 
173 17.565 19 
174 17.545 19 
175 17.58 19 
176 17.6 19 
177 17.61 19 
178 17.68 19 
179 17.685 19 
180 17.61 19 
181 17.53 19 
182 17.59 19 
183 17.55 19 
184 17.565 19 
185 17.575 19 
186 17.57 19 
187 17.635 19 
188 17.71 19 
189 17.69 19 
190 17.77 19 
191 17.76 19 
192 17.755 19 
193 17.74 19 
194 17.775 19 
195 17.765 19 
196 17.745 19 
197 17.735 19 
198 17.74 19 
199 17.75 19 
200 17.755 19 
201 17.76 20 
