0 10.05 15 
1 10.475 15 
2 11.425 15 
3 12.34 15 
4 12.775 15 
5 13.12 15 
6 13.26 15 
7 13.465 16 
8 13.845 16 
9 14.0 16 
10 14.195 16 
11 14.41 16 
12 14.52 16 
13 14.645 16 
14 14.76 16 
15 14.835 16 
16 14.875 16 
17 15.08 16 
18 15.14 16 
19 15.005 16 
20 15.14 16 
21 15.22 16 
22 15.3 17 
23 15.34 17 
24 15.335 17 
25 15.42 16 
26 15.53 17 
27 15.5 16 
28 15.535 17 
29 15.525 17 
30 15.47 16 
31 15.525 16 
32 15.53 17 
33 15.605 17 
34 15.625 17 
35 15.675 17 
36 15.695 17 
37 15.755 17 
38 15.875 17 
39 15.88 17 
40 15.85 17 
41 15.86 17 
42 15.785 17 
43 15.82 17 
44 15.865 17 
45 15.825 17 
46 15.795 17 
47 15.775 17 
48 15.785 17 
49 15.79 17 
50 15.85 17 
51 15.905 17 
52 15.88 17 
53 15.905 17 
54 15.93 17 
55 15.975 17 
56 15.995 17 
57 15.96 17 
58 15.96 17 
59 15.9 17 
60 15.85 17 
61 15.84 17 
62 15.965 17 
63 16.03 17 
64 16.15 17 
65 16.28 18 
66 16.365 18 
67 16.26 18 
68 16.28 18 
69 16.245 18 
70 16.33 18 
71 16.305 18 
72 16.38 18 
73 16.5 18 
74 16.45 18 
75 16.445 18 
76 16.55 18 
77 16.58 18 
78 16.595 18 
79 16.54 18 
80 16.51 18 
81 16.56 18 
82 16.53 18 
83 16.615 18 
84 16.665 18 
85 16.62 18 
86 16.7 18 
87 16.68 18 
88 16.695 18 
89 16.71 18 
90 16.815 18 
91 16.86 18 
92 16.82 18 
93 16.85 18 
94 16.825 18 
95 16.93 18 
96 16.92 18 
97 16.97 18 
98 16.91 18 
99 16.92 18 
100 16.845 18 
101 16.895 18 
102 16.94 18 
103 16.955 18 
104 17.045 18 
105 17.01 18 
106 16.94 18 
107 17.015 18 
108 17.04 18 
109 17.02 18 
110 17.025 18 
111 17.03 18 
112 16.975 18 
113 16.99 18 
114 17.03 19 
115 17.0 19 
116 16.995 18 
117 17.005 18 
118 16.95 18 
119 16.975 18 
120 17.025 18 
121 16.99 18 
122 17.01 18 
123 17.015 18 
124 17.005 18 
125 17.065 18 
126 17.08 18 
127 17.035 18 
128 17.08 18 
129 17.13 18 
130 17.135 18 
131 17.035 18 
132 17.085 18 
133 17.1 18 
134 17.085 19 
135 17.02 19 
136 17.04 19 
137 17.085 19 
138 17.09 19 
139 17.155 19 
140 17.145 19 
141 17.105 19 
142 17.08 18 
143 17.05 18 
144 17.07 18 
145 17.12 18 
146 17.125 18 
147 17.125 18 
148 17.055 18 
149 17.105 18 
150 17.095 18 
151 17.16 18 
152 17.17 18 
153 17.165 18 
154 17.205 18 
155 17.165 18 
156 17.17 18 
157 17.175 18 
158 17.15 18 
159 17.275 18 
160 17.25 18 
161 17.26 18 
162 17.32 18 
163 17.345 18 
164 17.3 18 
165 17.3 18 
166 17.255 18 
167 17.25 18 
168 17.27 19 
169 17.255 18 
170 17.18 18 
171 17.155 18 
172 17.1 18 
173 17.12 18 
174 17.145 18 
175 17.17 18 
176 17.185 18 
177 17.205 18 
178 17.24 18 
179 17.3 18 
180 17.3 18 
181 17.295 19 
182 17.285 19 
183 17.285 19 
184 17.4 19 
185 17.535 19 
186 17.63 19 
187 17.715 19 
188 17.78 19 
189 17.8 19 
190 17.825 19 
191 17.815 19 
192 17.84 19 
193 17.825 19 
194 17.915 19 
195 17.975 19 
196 17.94 19 
197 17.955 19 
198 17.94 19 
199 17.96 19 
200 17.93 19 
201 17.96 19 
202 17.97 19 
203 17.98 19 
204 18.01 19 
205 18.06 19 
206 18.165 19 
207 18.145 19 
208 18.16 19 
209 18.145 19 
210 18.09 19 
211 18.07 19 
212 18.1 19 
213 18.125 19 
214 18.115 19 
215 18.07 19 
216 18.085 19 
217 18.12 20 
