0 10.45 16 
1 11.205 16 
2 11.78 16 
3 12.155 16 
4 12.44 15 
5 12.665 16 
6 12.76 15 
7 13.07 16 
8 13.19 16 
9 13.29 16 
10 13.575 16 
11 13.755 16 
12 13.805 17 
13 13.915 17 
14 13.925 16 
15 14.085 16 
16 14.185 17 
17 14.125 16 
18 14.265 17 
19 14.36 17 
20 14.35 16 
21 14.415 16 
22 14.455 17 
23 14.465 16 
24 14.62 17 
25 14.665 17 
26 14.775 17 
27 14.725 17 
28 14.94 17 
29 14.985 17 
30 14.9 17 
31 15.005 17 
32 15.115 17 
33 15.275 17 
34 15.26 18 
35 15.185 18 
36 15.37 18 
37 15.43 18 
38 15.355 18 
39 15.545 18 
40 15.56 19 
41 15.62 19 
42 15.795 19 
43 16.015 19 
44 16.06 19 
45 16.195 19 
46 16.3 19 
47 16.35 19 
48 16.55 19 
49 16.675 19 
50 16.72 19 
51 16.865 19 
52 16.875 20 
