0 9.61 16 
1 10.125 16 
2 10.86 16 
3 11.155 16 
4 11.455 16 
5 11.755 16 
6 12.1 17 
7 12.525 17 
8 12.885 17 
9 13.145 17 
10 13.535 17 
11 13.91 17 
12 14.12 17 
13 14.215 17 
14 14.51 17 
15 14.715 17 
16 14.72 18 
17 14.81 18 
18 14.995 18 
19 15.095 18 
20 15.21 18 
21 15.265 18 
22 15.215 18 
23 15.26 18 
24 15.345 18 
25 15.35 18 
26 15.325 18 
27 15.345 18 
28 15.345 19 
29 15.3 19 
30 15.41 19 
31 15.55 19 
32 15.59 19 
33 15.62 19 
34 15.84 19 
35 15.8 19 
36 16.04 19 
37 16.125 19 
38 16.07 19 
39 16.165 19 
40 16.205 19 
41 16.24 19 
42 16.235 19 
43 16.385 19 
44 16.45 19 
45 16.395 19 
46 16.455 19 
47 16.445 19 
48 16.65 19 
49 16.87 19 
50 16.925 19 
51 17.025 19 
52 17.095 19 
53 17.08 19 
54 17.035 19 
55 17.175 20 
