0 9.78 15 
1 10.695 15 
2 11.3 15 
3 11.895 15 
4 12.35 15 
5 12.415 15 
6 12.79 15 
7 13.02 15 
8 13.35 16 
9 13.69 16 
10 13.855 16 
11 13.96 16 
12 14.025 16 
13 14.015 16 
14 14.115 16 
15 14.215 16 
16 14.37 16 
17 14.32 16 
18 14.465 16 
19 14.625 16 
20 14.71 16 
21 14.825 16 
22 14.875 16 
23 14.87 16 
24 14.87 16 
25 14.935 16 
26 14.96 16 
27 15.065 16 
28 15.08 16 
29 15.15 16 
30 15.265 17 
31 15.325 16 
32 15.295 16 
33 15.4 17 
34 15.37 17 
35 15.345 17 
36 15.405 17 
37 15.405 17 
38 15.42 17 
39 15.47 18 
40 15.595 17 
41 15.56 17 
42 15.565 17 
43 15.62 17 
44 15.67 17 
45 15.675 17 
46 15.82 17 
47 15.8 17 
48 15.835 17 
49 15.785 17 
50 15.77 17 
51 15.75 17 
52 15.725 17 
53 15.725 17 
54 15.74 16 
55 15.71 16 
56 15.78 17 
57 15.77 17 
58 15.8 17 
59 15.825 17 
60 15.83 17 
61 15.77 17 
62 15.86 17 
63 15.86 17 
64 15.855 17 
65 15.84 17 
66 15.78 17 
67 15.815 17 
68 15.81 17 
69 15.87 17 
70 15.855 18 
71 15.835 18 
72 15.775 18 
73 15.725 18 
74 15.785 18 
75 15.79 18 
76 15.84 18 
77 15.8 17 
78 15.83 17 
79 15.82 17 
80 15.805 17 
81 15.79 17 
82 15.805 17 
83 15.895 17 
84 15.815 17 
85 15.785 17 
86 15.86 18 
87 15.825 18 
88 15.795 17 
89 15.75 17 
90 15.8 17 
91 15.815 17 
92 15.855 17 
93 15.815 17 
94 15.795 17 
95 15.775 17 
96 15.795 17 
97 15.825 17 
98 15.765 17 
99 15.78 17 
100 15.785 17 
101 15.79 17 
102 15.715 17 
103 15.61 17 
104 15.6 17 
105 15.63 17 
106 15.63 17 
107 15.665 16 
108 15.71 17 
109 15.695 17 
110 15.705 17 
111 15.715 17 
112 15.705 17 
113 15.69 17 
114 15.71 17 
115 15.705 17 
116 15.71 17 
117 15.73 17 
118 15.755 18 
119 15.81 18 
120 15.83 18 
121 15.845 18 
122 15.8 18 
123 15.86 18 
124 15.865 18 
125 15.81 18 
126 15.805 18 
127 15.87 18 
128 15.835 18 
129 15.77 18 
130 15.855 18 
131 15.9 18 
132 15.95 19 
133 15.96 19 
134 15.96 19 
135 15.84 19 
136 15.78 19 
137 15.93 19 
138 15.9 19 
139 15.965 19 
140 16.035 19 
141 16.195 19 
142 16.205 19 
143 16.24 19 
144 16.36 19 
145 16.485 19 
146 16.68 19 
147 16.855 19 
148 16.915 19 
149 16.915 19 
150 16.88 19 
151 17.035 19 
152 17.065 20 
