0 9.76 14 
1 9.935 14 
2 10.34 15 
3 10.725 15 
4 10.94 15 
5 11.15 15 
6 11.585 16 
7 11.725 16 
8 11.875 17 
9 12.34 17 
10 12.59 17 
11 12.805 17 
12 13.015 17 
13 13.325 17 
14 13.34 18 
15 13.64 18 
16 13.845 19 
17 14.19 19 
18 14.465 19 
19 14.685 19 
20 15.205 19 
21 15.52 19 
22 15.91 19 
23 16.075 19 
24 16.435 19 
25 16.59 19 
26 16.655 19 
27 16.865 19 
28 16.91 19 
29 17.115 19 
30 17.23 19 
31 17.285 19 
32 17.43 19 
33 17.415 19 
34 17.435 19 
35 17.37 19 
36 17.6 19 
37 17.8 19 
38 17.85 19 
39 17.91 20 
