0 9.99 17 
1 10.28 17 
2 11.005 17 
3 11.69 17 
4 12.04 17 
5 12.41 17 
6 12.8 17 
7 13.025 17 
8 13.37 17 
9 13.635 17 
10 13.795 18 
11 14.025 18 
12 14.15 18 
13 14.3 18 
14 14.525 18 
15 14.56 18 
16 14.76 18 
17 14.575 18 
18 14.665 19 
19 14.905 18 
20 14.925 18 
21 15.14 19 
22 15.495 18 
23 15.555 18 
24 15.57 19 
25 15.64 19 
26 15.62 19 
27 15.89 18 
28 16.065 18 
29 16.01 19 
30 16.14 18 
31 16.155 19 
32 16.16 19 
33 16.16 19 
34 16.245 19 
35 16.43 19 
36 16.5 19 
37 16.46 19 
38 16.525 19 
39 16.615 19 
40 16.785 19 
41 16.805 19 
42 16.975 19 
43 17.045 20 
