0 9.98 15 
1 10.59 15 
2 10.93 15 
3 11.295 15 
4 11.48 15 
5 11.71 15 
6 11.885 15 
7 11.735 15 
8 12.035 15 
9 12.385 16 
10 12.675 16 
11 12.65 15 
12 12.605 15 
13 12.86 15 
14 13.075 15 
15 13.35 15 
16 13.53 16 
17 13.65 16 
18 13.905 16 
19 14.065 16 
20 14.095 16 
21 14.15 16 
22 14.245 16 
23 14.22 16 
24 14.195 16 
25 14.185 16 
26 14.335 16 
27 14.42 16 
28 14.475 16 
29 14.465 16 
30 14.475 16 
31 14.495 16 
32 14.515 16 
33 14.535 16 
34 14.62 16 
35 14.745 16 
36 14.885 16 
37 14.91 16 
38 14.955 16 
39 14.985 16 
40 14.96 16 
41 14.97 16 
42 15.005 16 
43 14.965 16 
44 15.065 16 
45 15.15 16 
46 15.165 16 
47 15.125 16 
48 15.245 16 
49 15.395 16 
50 15.415 16 
51 15.41 16 
52 15.43 16 
53 15.47 16 
54 15.52 16 
55 15.575 17 
56 15.595 17 
57 15.6 17 
58 15.615 17 
59 15.65 17 
60 15.585 17 
61 15.57 17 
62 15.58 17 
63 15.665 17 
64 15.655 17 
65 15.605 17 
66 15.55 17 
67 15.605 17 
68 15.67 17 
69 15.63 17 
70 15.65 17 
71 15.64 17 
72 15.56 17 
73 15.555 17 
74 15.615 17 
75 15.61 17 
76 15.6 17 
77 15.54 17 
78 15.59 16 
79 15.6 17 
80 15.635 17 
81 15.605 17 
82 15.625 17 
83 15.635 17 
84 15.585 17 
85 15.655 17 
86 15.665 17 
87 15.71 17 
88 15.75 17 
89 15.78 17 
90 15.835 17 
91 15.82 17 
92 15.83 17 
93 15.85 17 
94 15.835 17 
95 15.835 17 
96 15.83 17 
97 15.82 17 
98 15.84 17 
99 15.88 18 
100 15.815 18 
101 15.815 18 
102 15.85 17 
103 15.825 17 
104 15.765 17 
105 15.805 17 
106 15.84 17 
107 15.81 17 
108 15.76 16 
109 15.72 17 
110 15.76 17 
111 15.79 17 
112 15.765 17 
113 15.77 17 
114 15.78 17 
115 15.785 17 
116 15.82 17 
117 15.835 17 
118 15.825 17 
119 15.8 18 
120 15.875 18 
121 15.88 18 
122 15.875 17 
123 15.855 17 
124 15.84 17 
125 15.715 17 
126 15.81 17 
127 15.94 17 
128 15.935 17 
129 16.02 17 
130 16.085 17 
131 16.13 17 
132 16.145 17 
133 16.175 18 
134 16.155 18 
135 16.13 18 
136 16.14 18 
137 16.245 18 
138 16.25 18 
139 16.195 18 
140 16.26 18 
141 16.385 18 
142 16.44 18 
143 16.42 18 
144 16.465 18 
145 16.55 18 
146 16.59 18 
147 16.635 18 
148 16.7 18 
149 16.75 18 
150 16.655 18 
151 16.62 18 
152 16.605 18 
153 16.66 18 
154 16.65 18 
155 16.69 18 
156 16.745 18 
157 16.8 18 
158 16.805 18 
159 16.865 18 
160 16.82 18 
161 16.78 18 
162 16.775 18 
163 16.78 18 
164 16.81 18 
165 16.95 18 
166 16.945 18 
167 16.99 18 
168 17.025 18 
169 17.02 19 
170 17.06 19 
171 17.13 19 
172 17.095 19 
173 17.165 19 
174 17.18 19 
175 17.215 19 
176 17.23 18 
177 17.185 18 
178 17.195 18 
179 17.135 18 
180 17.07 18 
181 17.155 18 
182 17.165 18 
183 17.225 18 
184 17.19 19 
185 17.3 19 
186 17.425 19 
187 17.46 19 
188 17.45 19 
189 17.44 19 
190 17.48 18 
191 17.52 19 
192 17.545 18 
193 17.635 18 
194 17.64 18 
195 17.67 18 
196 17.705 18 
197 17.685 18 
198 17.64 18 
199 17.65 18 
200 17.645 19 
201 17.7 19 
202 17.72 19 
203 17.77 19 
204 17.79 19 
205 17.83 19 
206 17.8 19 
207 17.78 19 
208 17.835 19 
209 17.845 19 
210 17.86 19 
211 17.89 19 
212 17.885 19 
213 17.9 19 
214 17.885 19 
215 17.91 19 
216 17.925 19 
217 17.97 19 
218 17.94 19 
219 17.965 19 
220 17.97 19 
221 18.005 19 
222 18.015 19 
223 18.035 19 
224 18.025 19 
225 18.04 19 
226 18.02 19 
227 18.005 19 
228 18.125 19 
229 18.15 19 
230 18.12 19 
231 18.13 19 
232 18.16 19 
233 18.165 19 
234 18.165 19 
235 18.2 19 
236 18.205 19 
237 18.24 19 
238 18.235 19 
239 18.245 20 
