0 9.92 16 
1 10.4 15 
2 10.92 16 
3 11.31 16 
4 11.505 16 
5 11.95 16 
6 12.255 17 
7 12.475 17 
8 12.58 17 
9 12.735 16 
10 12.885 17 
11 13.09 16 
12 13.09 16 
13 13.31 17 
14 13.325 17 
15 13.44 17 
16 13.725 17 
17 13.85 17 
18 13.985 17 
19 13.805 17 
20 13.96 17 
21 14.07 17 
22 14.04 17 
23 14.17 17 
24 14.225 17 
25 14.315 17 
26 14.345 18 
27 14.305 18 
28 14.395 18 
29 14.44 18 
30 14.42 18 
31 14.535 19 
32 14.545 18 
33 14.62 18 
34 14.685 18 
35 14.695 18 
36 14.795 18 
37 14.905 17 
38 15.025 17 
39 15.23 17 
40 15.195 18 
41 15.33 18 
42 15.33 17 
43 15.49 17 
44 15.65 18 
45 15.825 18 
46 15.82 18 
47 15.83 18 
48 15.875 18 
49 15.885 18 
50 16.03 18 
51 16.0 18 
52 16.155 19 
53 16.185 19 
54 16.185 19 
55 16.18 18 
56 16.215 18 
57 16.225 19 
58 16.205 19 
59 16.17 18 
60 16.165 18 
61 16.185 18 
62 16.155 19 
63 16.28 19 
64 16.45 19 
65 16.63 19 
66 16.65 19 
67 16.57 19 
68 16.695 19 
69 16.66 19 
70 16.74 19 
71 16.795 19 
72 16.81 19 
73 16.77 19 
74 16.84 19 
75 16.895 19 
76 16.95 20 
