0 10.28 17 
1 10.8 17 
2 11.095 17 
3 11.595 17 
4 12.015 17 
5 12.2 17 
6 12.55 17 
7 12.805 17 
8 13.7 17 
9 14.175 17 
10 14.365 17 
11 14.72 17 
12 14.77 17 
13 14.89 17 
14 15.31 17 
15 15.64 17 
16 15.945 17 
17 16.115 17 
18 16.325 17 
19 16.39 17 
20 16.53 17 
21 16.6 17 
22 16.625 17 
23 16.655 17 
24 16.705 17 
25 16.75 17 
26 16.725 17 
27 16.745 17 
28 16.74 17 
29 16.74 18 
30 16.715 18 
31 16.695 17 
32 16.77 17 
33 16.765 17 
34 16.8 18 
35 16.845 18 
36 16.8 17 
37 16.755 17 
38 16.795 17 
39 16.855 18 
40 16.85 18 
41 16.825 18 
42 16.775 17 
43 16.77 17 
44 16.75 18 
45 16.77 18 
46 16.81 17 
47 16.855 18 
48 16.87 18 
49 16.825 18 
50 16.815 18 
51 16.84 18 
52 16.815 18 
53 16.845 18 
54 16.775 18 
55 16.76 18 
56 16.815 18 
57 16.84 18 
58 16.85 18 
59 16.835 18 
60 16.835 18 
61 16.78 18 
62 16.79 18 
63 16.75 18 
64 16.765 18 
65 16.8 18 
66 16.785 18 
67 16.785 18 
68 16.75 18 
69 16.695 18 
70 16.655 18 
71 16.67 18 
72 16.66 18 
73 16.645 18 
74 16.63 18 
75 16.575 18 
76 16.555 18 
77 16.57 18 
78 16.645 18 
79 16.665 18 
80 16.635 17 
81 16.63 17 
82 16.65 18 
83 16.65 18 
84 16.615 17 
85 16.585 17 
86 16.585 18 
87 16.59 17 
88 16.5 17 
89 16.485 17 
90 16.465 18 
91 16.355 17 
92 16.35 17 
93 16.265 17 
94 16.33 17 
95 16.25 17 
96 16.255 18 
97 16.285 18 
98 16.355 18 
99 16.365 18 
100 16.37 18 
101 16.38 18 
102 16.41 18 
103 16.45 18 
104 16.395 18 
105 16.415 18 
106 16.38 18 
107 16.44 18 
108 16.41 18 
109 16.36 18 
110 16.455 18 
111 16.44 18 
112 16.455 18 
113 16.4 19 
114 16.455 18 
115 16.465 18 
116 16.52 18 
117 16.59 18 
118 16.53 18 
119 16.505 18 
120 16.51 18 
121 16.495 18 
122 16.455 18 
123 16.41 18 
124 16.43 18 
125 16.415 18 
126 16.47 18 
127 16.57 18 
128 16.64 18 
129 16.665 18 
130 16.545 18 
131 16.545 18 
132 16.63 18 
133 16.68 18 
134 16.79 18 
135 16.765 18 
136 16.845 18 
137 16.91 18 
138 16.88 18 
139 16.92 18 
140 16.925 19 
141 16.965 18 
142 16.98 18 
143 16.995 18 
144 17.075 18 
145 17.045 18 
146 17.17 18 
147 17.22 18 
148 17.26 18 
149 17.215 19 
150 17.245 19 
151 17.25 18 
152 17.24 18 
153 17.275 18 
154 17.305 19 
155 17.41 18 
156 17.37 18 
157 17.365 18 
158 17.3 18 
159 17.29 18 
160 17.37 18 
161 17.36 18 
162 17.37 18 
163 17.31 18 
164 17.32 18 
165 17.29 18 
166 17.255 18 
167 17.22 19 
168 17.18 19 
169 17.28 19 
170 17.28 19 
171 17.265 18 
172 17.32 18 
173 17.41 19 
174 17.5 19 
175 17.46 19 
176 17.475 18 
177 17.485 18 
178 17.495 19 
179 17.395 19 
180 17.44 19 
181 17.415 19 
182 17.35 19 
183 17.445 19 
184 17.405 19 
185 17.345 19 
186 17.35 19 
187 17.335 19 
188 17.285 19 
189 17.26 19 
190 17.21 19 
191 17.24 19 
192 17.315 19 
193 17.39 19 
194 17.365 19 
195 17.345 19 
196 17.38 19 
197 17.39 19 
198 17.405 19 
199 17.45 19 
200 17.505 19 
201 17.51 19 
202 17.445 19 
203 17.445 19 
204 17.445 19 
205 17.405 19 
206 17.4 19 
207 17.38 19 
208 17.335 19 
209 17.28 18 
210 17.245 18 
211 17.22 19 
212 17.225 19 
213 17.29 19 
214 17.295 18 
215 17.295 18 
216 17.23 18 
217 17.16 18 
218 17.13 18 
219 17.19 19 
220 17.235 19 
221 17.2 18 
222 17.24 18 
223 17.175 19 
224 17.25 19 
225 17.275 19 
226 17.26 19 
227 17.27 19 
228 17.345 19 
229 17.39 19 
230 17.44 19 
231 17.455 19 
232 17.495 19 
233 17.47 19 
234 17.47 19 
235 17.475 20 
