0 9.8 15 
1 10.45 16 
2 10.665 16 
3 11.095 16 
4 11.435 16 
5 11.79 16 
6 12.145 16 
7 12.385 18 
8 12.655 18 
9 12.845 18 
10 13.38 18 
11 13.42 18 
12 13.5 18 
13 13.85 18 
14 13.98 18 
15 14.445 18 
16 14.81 18 
17 14.86 19 
18 15.11 19 
19 14.98 19 
20 15.165 18 
21 15.22 18 
22 15.225 18 
23 15.21 19 
24 15.305 19 
25 15.37 19 
26 15.58 19 
27 15.91 19 
28 16.06 19 
29 16.035 19 
30 16.25 19 
31 16.35 19 
32 16.445 19 
33 16.49 19 
34 16.485 19 
35 16.65 19 
36 16.855 19 
37 17.165 19 
38 17.21 19 
39 17.265 19 
40 17.37 19 
41 17.47 19 
42 17.47 19 
43 17.485 19 
44 17.585 20 
