0 10.43 15 
1 10.825 16 
2 11.05 16 
3 11.72 16 
4 11.865 16 
5 12.35 18 
6 12.965 18 
7 13.11 16 
8 13.3 16 
9 13.565 16 
10 13.67 16 
11 13.69 17 
12 13.99 17 
13 14.11 18 
14 14.3 18 
15 14.235 18 
16 14.335 18 
17 14.575 19 
18 14.725 18 
19 15.0 18 
20 15.09 18 
21 15.255 18 
22 15.565 18 
23 15.5 19 
24 15.58 19 
25 15.79 18 
26 16.015 19 
27 16.225 19 
28 16.415 19 
29 16.595 19 
30 16.745 19 
31 16.99 19 
32 17.175 19 
33 17.205 19 
34 17.255 19 
35 17.43 19 
36 17.58 19 
37 17.67 19 
38 17.69 19 
39 17.635 19 
40 17.63 19 
41 17.42 19 
42 17.545 20 
