0 10.03 15 
1 10.59 15 
2 10.725 15 
3 10.87 15 
4 10.84 15 
5 10.79 15 
6 11.185 15 
7 11.58 16 
8 11.935 15 
9 12.27 17 
10 12.65 16 
11 12.895 16 
12 13.25 16 
13 13.66 16 
14 13.7 17 
15 13.875 17 
16 13.89 17 
17 14.235 17 
18 14.355 16 
19 14.59 17 
20 14.81 17 
21 14.91 18 
22 14.68 17 
23 14.975 17 
24 15.085 18 
25 15.29 18 
26 15.455 18 
27 15.54 18 
28 15.63 19 
29 15.77 18 
30 15.855 18 
31 15.94 18 
32 16.035 18 
33 16.02 18 
34 16.125 18 
35 16.17 18 
36 16.235 19 
37 16.39 18 
38 16.325 18 
39 16.355 19 
40 16.445 19 
41 16.53 19 
42 16.645 19 
43 16.65 19 
44 16.905 19 
45 16.955 19 
46 16.955 19 
47 17.075 19 
48 17.22 19 
49 17.225 19 
50 17.4 19 
51 17.52 19 
52 17.665 19 
53 17.645 19 
54 17.8 19 
55 17.88 19 
56 17.845 19 
57 17.875 19 
58 17.83 19 
59 17.905 19 
60 17.985 19 
61 18.03 19 
62 18.065 19 
63 18.08 19 
64 18.015 19 
65 18.105 19 
66 18.025 19 
67 18.035 19 
68 18.12 19 
69 18.145 20 
