0 9.85 16 
1 10.45 16 
2 10.845 16 
3 11.395 16 
4 11.995 17 
5 12.175 17 
6 12.455 17 
7 12.96 18 
8 13.14 18 
9 13.655 18 
10 13.93 18 
11 14.095 18 
12 14.325 18 
13 14.225 18 
14 14.41 18 
15 14.475 18 
16 14.68 18 
17 14.82 18 
18 15.16 19 
19 15.305 19 
20 15.285 18 
21 15.39 18 
22 15.455 18 
23 15.475 18 
24 15.61 18 
25 15.655 18 
26 15.68 18 
27 15.74 18 
28 15.755 18 
29 15.845 18 
30 15.855 18 
31 15.655 18 
32 15.7 18 
33 15.8 18 
34 15.815 18 
35 15.815 18 
36 15.71 18 
37 15.71 18 
38 15.71 17 
39 15.83 18 
40 15.715 17 
41 15.7 17 
42 15.74 17 
43 15.67 18 
44 15.68 18 
45 15.75 18 
46 15.8 18 
47 15.835 17 
48 15.85 17 
49 15.9 18 
50 15.85 18 
51 15.89 18 
52 15.965 18 
53 16.09 18 
54 16.145 18 
55 16.165 18 
56 16.26 19 
57 16.325 19 
58 16.435 19 
59 16.585 19 
60 16.635 19 
61 16.625 19 
62 16.675 19 
63 16.905 19 
64 17.015 19 
65 17.135 19 
66 17.15 19 
67 17.035 19 
68 17.2 19 
69 17.11 19 
70 17.08 19 
71 17.22 19 
72 17.285 19 
73 17.27 19 
74 17.265 19 
75 17.37 19 
76 17.345 19 
77 17.295 19 
78 17.35 19 
79 17.405 19 
80 17.52 19 
81 17.645 19 
82 17.66 20 
