0 9.82 16 
1 10.295 17 
2 10.84 17 
3 11.13 17 
4 11.59 17 
5 11.935 18 
6 12.03 17 
7 12.055 19 
8 12.495 17 
9 12.645 18 
10 12.67 16 
11 12.61 16 
12 12.95 16 
13 13.135 16 
14 13.285 17 
15 13.235 16 
16 13.41 17 
17 13.54 17 
18 13.675 17 
19 13.635 18 
20 13.88 18 
21 13.96 18 
22 14.11 18 
23 14.1 18 
24 14.225 19 
25 14.59 19 
26 14.595 19 
27 14.74 19 
28 14.955 19 
29 14.975 19 
30 15.215 19 
31 15.615 19 
32 15.655 19 
33 15.625 19 
34 15.71 19 
35 15.96 19 
36 16.235 19 
37 16.275 19 
38 16.285 20 
