0 10.17 15 
1 10.49 15 
2 11.115 14 
3 11.22 15 
4 11.485 16 
5 11.745 16 
6 12.015 16 
7 12.385 16 
8 12.61 16 
9 12.825 16 
10 13.14 16 
11 13.35 16 
12 13.56 17 
13 13.675 17 
14 13.575 17 
15 13.53 17 
16 13.865 17 
17 13.855 17 
18 14.005 17 
19 14.335 17 
20 14.35 17 
21 14.42 17 
22 14.53 17 
23 14.5 17 
24 14.625 17 
25 14.825 17 
26 15.015 18 
27 15.11 18 
28 15.22 18 
29 15.29 18 
30 15.32 18 
31 15.385 18 
32 15.435 17 
33 15.585 18 
34 15.66 18 
35 15.735 18 
36 15.82 18 
37 16.005 18 
38 16.035 18 
39 16.045 19 
40 16.235 19 
41 16.265 19 
42 16.45 19 
43 16.535 19 
44 16.69 19 
45 16.765 19 
46 16.78 19 
47 16.91 19 
48 17.075 19 
49 17.045 19 
50 17.055 19 
51 17.005 19 
52 17.105 19 
53 17.25 20 
