0 9.92 16 
1 10.64 16 
2 10.985 16 
3 11.485 16 
4 11.81 16 
5 12.34 16 
6 12.85 16 
7 13.21 16 
8 13.83 17 
9 14.105 17 
10 14.395 17 
11 14.64 17 
12 14.755 16 
13 14.895 17 
14 15.035 17 
15 15.205 17 
16 15.295 17 
17 15.435 17 
18 15.555 17 
19 15.595 18 
20 15.575 17 
21 15.635 18 
22 15.675 17 
23 15.775 17 
24 15.855 17 
25 15.94 17 
26 16.05 17 
27 16.06 17 
28 16.11 17 
29 16.15 18 
30 16.165 18 
31 16.225 18 
32 16.245 18 
33 16.195 18 
34 16.17 18 
35 16.26 18 
36 16.35 18 
37 16.395 18 
38 16.525 18 
39 16.68 18 
40 16.67 18 
41 16.71 18 
42 16.835 18 
43 16.93 18 
44 16.99 18 
45 17.045 18 
46 17.065 18 
47 16.98 18 
48 17.03 19 
49 17.11 19 
50 17.1 19 
51 17.01 19 
52 17.055 19 
53 17.03 19 
54 17.08 19 
55 17.205 19 
56 17.285 19 
57 17.31 19 
58 17.36 19 
59 17.355 19 
60 17.335 19 
61 17.25 19 
62 17.21 19 
63 17.085 19 
64 17.055 20 
