0 9.78 14 
1 10.33 14 
2 10.695 14 
3 11.05 14 
4 11.52 14 
5 11.855 14 
6 12.005 15 
7 12.275 14 
8 12.43 15 
9 12.65 15 
10 12.92 15 
11 13.075 15 
12 13.17 15 
13 13.245 15 
14 13.36 15 
15 13.465 15 
16 13.555 15 
17 13.605 15 
18 13.625 15 
19 13.65 15 
20 13.64 15 
21 13.665 15 
22 13.745 15 
23 13.79 15 
24 13.75 15 
25 13.805 15 
26 13.82 15 
27 13.81 15 
28 13.865 15 
29 13.87 16 
30 13.92 16 
31 13.87 16 
32 13.91 16 
33 14.02 16 
34 14.165 16 
35 14.205 16 
36 14.235 16 
37 14.275 16 
38 14.2 17 
39 14.145 17 
40 14.135 17 
41 14.22 17 
42 14.165 17 
43 14.09 17 
44 14.1 17 
45 14.015 17 
46 14.11 17 
47 14.15 17 
48 14.24 17 
49 14.28 17 
50 14.335 17 
51 14.52 17 
52 14.45 17 
53 14.555 17 
54 14.665 17 
55 14.74 17 
56 14.685 17 
57 14.865 17 
58 14.995 17 
59 15.125 17 
60 15.29 17 
61 15.405 17 
62 15.505 17 
63 15.56 17 
64 15.76 18 
65 15.77 18 
66 15.75 18 
67 15.825 17 
68 15.95 17 
69 16.1 18 
70 16.195 18 
71 16.165 18 
72 16.19 18 
73 16.305 18 
74 16.27 18 
75 16.305 18 
76 16.335 18 
77 16.26 18 
78 16.35 18 
79 16.35 18 
80 16.36 17 
81 16.345 17 
82 16.42 17 
83 16.415 17 
84 16.42 17 
85 16.4 17 
86 16.36 17 
87 16.365 17 
88 16.385 17 
89 16.435 17 
90 16.44 17 
91 16.44 17 
92 16.445 17 
93 16.45 17 
94 16.5 18 
95 16.555 18 
96 16.565 18 
97 16.555 18 
98 16.645 18 
99 16.685 18 
100 16.7 18 
101 16.755 18 
102 16.76 18 
103 16.8 18 
104 16.85 18 
105 16.8 18 
106 16.765 18 
107 16.745 18 
108 16.745 18 
109 16.77 18 
110 16.72 18 
111 16.715 18 
112 16.705 18 
113 16.73 18 
114 16.705 18 
115 16.635 18 
116 16.625 18 
117 16.66 18 
118 16.74 18 
119 16.8 18 
120 16.77 18 
121 16.775 18 
122 16.72 18 
123 16.755 18 
124 16.635 18 
125 16.755 18 
126 16.785 18 
127 16.79 18 
128 16.78 18 
129 16.755 18 
130 16.81 18 
131 16.865 19 
132 16.815 19 
133 16.84 19 
134 16.86 19 
135 16.885 19 
136 16.995 18 
137 16.88 18 
138 16.915 18 
139 16.93 18 
140 16.89 18 
141 16.94 19 
142 16.99 18 
143 16.99 18 
144 17.05 18 
145 17.025 18 
146 17.065 19 
147 17.05 19 
148 17.07 19 
149 17.05 19 
150 17.155 19 
151 17.115 19 
152 17.085 19 
153 17.065 19 
154 17.275 19 
155 17.35 19 
156 17.36 19 
157 17.285 19 
158 17.195 19 
159 17.225 19 
160 17.35 19 
161 17.525 19 
162 17.68 19 
163 17.865 19 
164 17.915 19 
165 18.01 19 
166 18.16 19 
167 18.15 19 
168 18.06 19 
169 17.99 19 
170 18.055 19 
171 18.015 19 
172 18.025 19 
173 18.055 19 
174 18.18 19 
175 18.195 19 
176 18.145 19 
177 18.285 19 
178 18.415 19 
179 18.405 19 
180 18.445 19 
181 18.475 19 
182 18.425 19 
183 18.495 19 
184 18.415 19 
185 18.475 19 
186 18.465 19 
187 18.51 19 
188 18.5 19 
189 18.51 19 
190 18.49 19 
191 18.48 19 
192 18.55 19 
193 18.565 19 
194 18.63 19 
195 18.675 19 
196 18.645 19 
197 18.59 19 
198 18.6 19 
199 18.59 20 
