0 10.13 16 
1 10.47 15 
2 11.21 15 
3 11.615 15 
4 12.11 15 
5 12.625 15 
6 12.765 15 
7 12.985 15 
8 13.31 15 
9 13.53 15 
10 13.625 15 
11 13.825 16 
12 13.94 15 
13 13.995 16 
14 14.065 16 
15 14.11 16 
16 14.11 16 
17 14.065 16 
18 14.15 16 
19 14.18 16 
20 14.245 16 
21 14.315 17 
22 14.455 17 
23 14.56 17 
24 14.735 18 
25 14.81 17 
26 14.855 17 
27 14.865 17 
28 15.0 17 
29 14.99 17 
30 14.97 17 
31 14.995 17 
32 15.02 17 
33 15.035 17 
34 14.955 17 
35 14.97 17 
36 14.965 17 
37 15.0 17 
38 14.95 17 
39 14.985 17 
40 15.04 17 
41 15.12 18 
42 15.075 18 
43 15.135 18 
44 15.21 18 
45 15.375 18 
46 15.46 18 
47 15.645 18 
48 15.71 18 
49 15.955 18 
50 15.915 18 
51 16.02 18 
52 16.14 18 
53 16.25 18 
54 16.25 18 
55 16.255 18 
56 16.205 18 
57 16.185 18 
58 16.195 18 
59 16.395 18 
60 16.51 18 
61 16.685 18 
62 16.69 18 
63 16.7 18 
64 16.795 18 
65 16.78 18 
66 16.735 18 
67 16.81 18 
68 16.885 18 
69 16.91 18 
70 16.83 18 
71 16.845 18 
72 16.92 18 
73 16.995 18 
74 16.97 18 
75 16.955 18 
76 16.895 18 
77 16.87 18 
78 16.885 18 
79 16.89 18 
80 16.95 18 
81 16.945 18 
82 16.925 18 
83 16.935 18 
84 16.88 18 
85 16.89 18 
86 16.84 18 
87 16.805 18 
88 16.845 18 
89 16.825 18 
90 16.965 18 
91 16.935 18 
92 17.015 18 
93 17.035 18 
94 16.925 18 
95 16.92 18 
96 16.955 18 
97 16.92 18 
98 16.945 18 
99 17.015 18 
100 17.0 18 
101 17.015 18 
102 16.99 18 
103 17.03 18 
104 17.02 18 
105 17.1 19 
106 17.145 18 
107 17.215 18 
108 17.285 19 
109 17.37 19 
110 17.42 19 
111 17.465 19 
112 17.575 18 
113 17.61 18 
114 17.63 18 
115 17.67 18 
116 17.66 19 
117 17.685 19 
118 17.685 19 
119 17.68 19 
120 17.735 19 
121 17.71 19 
122 17.665 18 
123 17.7 18 
124 17.745 19 
125 17.76 19 
126 17.725 18 
127 17.695 18 
128 17.675 18 
129 17.625 18 
130 17.71 18 
131 17.68 18 
132 17.73 18 
133 17.725 18 
134 17.73 18 
135 17.72 18 
136 17.76 18 
137 17.745 19 
138 17.73 19 
139 17.71 19 
140 17.74 19 
141 17.685 19 
142 17.71 19 
143 17.73 19 
144 17.735 19 
145 17.755 19 
146 17.76 19 
147 17.78 19 
148 17.835 19 
149 17.81 18 
150 17.79 19 
151 17.825 19 
152 17.87 19 
153 17.885 19 
154 17.915 19 
155 17.87 19 
156 17.87 19 
157 17.805 19 
158 17.765 19 
159 17.685 19 
160 17.7 19 
161 17.795 19 
162 17.8 19 
163 17.83 19 
164 17.74 19 
165 17.805 19 
166 17.82 19 
167 17.835 19 
168 17.8 19 
169 17.845 19 
170 17.82 19 
171 17.805 19 
172 17.81 19 
173 17.845 19 
174 17.795 19 
175 17.875 20 
