0 10.04 15 
1 10.585 15 
2 11.22 16 
3 11.47 15 
4 11.855 16 
5 12.095 16 
6 12.09 16 
7 12.305 17 
8 12.37 16 
9 12.505 17 
10 12.845 17 
11 13.1 17 
12 13.315 16 
13 13.465 17 
14 13.74 17 
15 13.795 18 
16 13.87 18 
17 13.985 18 
18 14.09 18 
19 14.225 18 
20 14.38 18 
21 14.485 18 
22 14.6 18 
23 14.645 18 
24 14.65 18 
25 14.725 18 
26 14.77 18 
27 14.86 18 
28 14.865 17 
29 14.795 18 
30 14.865 18 
31 14.955 18 
32 15.04 18 
33 15.075 18 
34 15.315 18 
35 15.26 18 
36 15.265 18 
37 15.26 18 
38 15.295 18 
39 15.405 19 
40 15.695 20 
