0 9.92 14 
1 10.74 15 
2 10.895 15 
3 11.165 15 
4 11.455 16 
5 12.045 16 
6 12.455 17 
7 12.86 17 
8 13.005 17 
9 13.36 17 
10 13.495 17 
11 13.635 17 
12 13.725 17 
13 13.995 17 
14 13.98 18 
15 14.21 17 
16 14.28 18 
17 14.39 18 
18 14.52 18 
19 14.625 17 
20 14.73 18 
21 14.9 18 
22 15.045 18 
23 15.03 17 
24 15.045 17 
25 15.305 17 
26 15.305 17 
27 15.46 18 
28 15.455 18 
29 15.625 18 
30 15.75 18 
31 15.885 18 
32 15.98 18 
33 16.05 19 
34 16.17 18 
35 16.27 18 
36 16.305 18 
37 16.295 18 
38 16.335 18 
39 16.42 19 
40 16.57 19 
41 16.52 19 
42 16.59 19 
43 16.605 19 
44 16.785 19 
45 16.835 19 
46 16.855 20 
