0 10.25 15 
1 10.7 15 
2 10.93 15 
3 11.4 15 
4 11.73 15 
5 11.945 15 
6 11.98 15 
7 12.175 15 
8 12.385 17 
9 12.475 17 
10 12.73 17 
11 12.8 17 
12 13.065 17 
13 13.095 17 
14 13.44 17 
15 13.575 17 
16 13.88 17 
17 13.925 17 
18 14.21 17 
19 14.48 18 
20 14.45 18 
21 14.56 18 
22 14.575 17 
23 14.835 18 
24 15.14 18 
25 15.285 18 
26 15.375 18 
27 15.52 18 
28 15.51 19 
29 15.605 18 
30 15.79 18 
31 15.81 18 
32 16.03 18 
33 16.245 18 
34 16.35 19 
35 16.495 18 
36 16.415 18 
37 16.46 18 
38 16.545 18 
39 16.69 19 
40 16.77 18 
41 16.77 19 
42 16.755 19 
43 16.875 19 
44 16.875 19 
45 16.855 19 
46 16.765 19 
47 16.82 19 
48 16.79 19 
49 16.735 19 
50 16.875 19 
51 16.965 19 
52 17.1 19 
53 17.06 20 
