0 9.95 17 
1 10.23 17 
2 10.57 17 
3 11.045 17 
4 11.47 17 
5 12.155 17 
6 12.4 17 
7 12.695 17 
8 13.06 18 
9 13.705 17 
10 14.095 17 
11 14.71 17 
12 15.115 18 
13 15.57 18 
14 15.785 18 
15 15.765 18 
16 15.925 17 
17 16.03 17 
18 16.27 18 
19 16.3 19 
20 16.48 18 
21 16.675 18 
22 16.71 18 
23 16.735 18 
24 16.815 18 
25 16.83 18 
26 16.895 18 
27 16.935 18 
28 16.96 18 
29 16.995 18 
30 16.985 18 
31 17.045 18 
32 17.07 18 
33 17.05 18 
34 17.075 18 
35 17.065 18 
36 17.03 18 
37 17.12 19 
38 17.195 18 
39 17.22 19 
40 17.23 19 
41 17.225 19 
42 17.275 19 
43 17.315 19 
44 17.29 19 
45 17.305 19 
46 17.375 19 
47 17.38 19 
48 17.38 19 
49 17.365 19 
50 17.42 19 
51 17.515 19 
52 17.475 19 
53 17.545 19 
54 17.58 19 
55 17.575 19 
56 17.465 19 
57 17.505 19 
58 17.43 19 
59 17.39 19 
60 17.435 19 
61 17.325 19 
62 17.24 19 
63 17.2 19 
64 17.175 19 
65 17.16 19 
66 17.17 19 
67 17.23 19 
68 17.19 19 
69 17.23 19 
70 17.21 19 
71 17.245 19 
72 17.245 19 
73 17.31 19 
74 17.345 19 
75 17.2 19 
76 17.225 19 
77 17.29 19 
78 17.28 19 
79 17.37 19 
80 17.315 19 
81 17.395 19 
82 17.465 19 
83 17.43 19 
84 17.53 19 
85 17.65 19 
86 17.61 19 
87 17.67 19 
88 17.665 19 
89 17.795 20 
