0 9.92 16 
1 10.75 16 
2 11.09 16 
3 11.67 16 
4 12.305 16 
5 12.7 17 
6 12.97 17 
7 13.415 17 
8 13.695 18 
9 13.825 18 
10 14.095 18 
11 14.215 18 
12 14.61 18 
13 14.84 18 
14 14.985 18 
15 15.265 18 
16 15.455 18 
17 15.725 18 
18 15.855 18 
19 15.905 18 
20 16.075 18 
21 16.235 18 
22 16.28 18 
23 16.35 18 
24 16.53 18 
25 16.67 18 
26 16.68 18 
27 16.73 18 
28 16.815 18 
29 16.775 18 
30 16.825 18 
31 16.935 19 
32 17.065 19 
33 17.2 18 
34 17.235 18 
35 17.25 19 
36 17.26 19 
37 17.27 19 
38 17.305 19 
39 17.225 19 
40 17.3 19 
41 17.33 19 
42 17.385 19 
43 17.405 19 
44 17.34 19 
45 17.325 19 
46 17.43 19 
47 17.45 19 
48 17.435 19 
49 17.455 19 
50 17.48 19 
51 17.575 19 
52 17.59 19 
53 17.55 19 
54 17.685 19 
55 17.635 19 
56 17.7 19 
57 17.685 19 
58 17.66 20 
