0 9.88 15 
1 10.13 15 
2 10.715 15 
3 11.025 15 
4 11.24 15 
5 11.815 15 
6 12.34 15 
7 12.4 15 
8 12.695 15 
9 13.08 15 
10 13.33 15 
11 13.53 15 
12 13.75 16 
13 13.7 16 
14 14.055 16 
15 14.06 16 
16 14.235 16 
17 14.285 16 
18 14.515 16 
19 14.66 16 
20 14.655 16 
21 14.61 16 
22 14.63 16 
23 14.59 16 
24 14.55 16 
25 14.6 16 
26 14.52 16 
27 14.595 16 
28 14.705 16 
29 14.815 16 
30 14.79 16 
31 14.835 17 
32 14.85 17 
33 14.815 17 
34 14.825 16 
35 14.915 16 
36 14.975 16 
37 15.01 16 
38 15.005 16 
39 15.105 17 
40 15.105 16 
41 15.17 16 
42 15.215 16 
43 15.235 16 
44 15.29 16 
45 15.32 17 
46 15.295 17 
47 15.32 17 
48 15.32 17 
49 15.44 16 
50 15.41 16 
51 15.435 16 
52 15.465 16 
53 15.445 16 
54 15.405 16 
55 15.365 16 
56 15.445 17 
57 15.525 17 
58 15.555 17 
59 15.495 17 
60 15.485 17 
61 15.5 17 
62 15.53 17 
63 15.63 17 
64 15.685 17 
65 15.715 17 
66 15.77 17 
67 15.815 17 
68 15.805 17 
69 15.915 17 
70 15.925 17 
71 15.905 18 
72 15.9 17 
73 15.87 17 
74 15.895 17 
75 15.935 17 
76 15.94 18 
77 15.915 17 
78 15.975 17 
79 15.975 17 
80 16.015 18 
81 16.045 18 
82 16.03 17 
83 16.06 18 
84 16.035 17 
85 16.105 18 
86 16.1 18 
87 16.13 17 
88 16.175 17 
89 16.205 17 
90 16.26 17 
91 16.29 17 
92 16.33 17 
93 16.455 18 
94 16.505 18 
95 16.52 18 
96 16.555 18 
97 16.59 18 
98 16.7 18 
99 16.74 18 
100 16.79 18 
101 16.75 18 
102 16.65 18 
103 16.63 18 
104 16.685 18 
105 16.65 18 
106 16.605 18 
107 16.585 18 
108 16.585 18 
109 16.605 18 
110 16.67 18 
111 16.675 18 
112 16.695 18 
113 16.77 18 
114 16.81 18 
115 16.83 18 
116 16.82 18 
117 16.87 18 
118 16.89 18 
119 16.9 18 
120 16.86 19 
121 16.865 19 
122 16.78 18 
123 16.695 18 
124 16.87 18 
125 16.975 18 
126 17.005 18 
127 17.045 18 
128 17.055 18 
129 17.105 18 
130 17.195 18 
131 17.18 18 
132 17.205 18 
133 17.17 18 
134 17.18 19 
135 17.265 19 
136 17.19 18 
137 17.15 19 
138 17.245 19 
139 17.335 18 
140 17.315 18 
141 17.38 19 
142 17.34 18 
143 17.25 18 
144 17.415 18 
145 17.415 19 
146 17.35 19 
147 17.35 19 
148 17.33 19 
149 17.335 19 
150 17.28 18 
151 17.325 19 
152 17.31 19 
153 17.305 19 
154 17.36 18 
155 17.36 18 
156 17.38 18 
157 17.295 18 
158 17.25 18 
159 17.285 18 
160 17.22 18 
161 17.255 18 
162 17.355 19 
163 17.34 19 
164 17.35 19 
165 17.455 19 
166 17.445 19 
167 17.39 19 
168 17.425 19 
169 17.41 19 
170 17.465 19 
171 17.515 19 
172 17.53 19 
173 17.61 19 
174 17.695 19 
175 17.69 19 
176 17.77 19 
177 17.765 19 
178 17.915 19 
179 17.955 19 
180 18.01 19 
181 17.955 19 
182 17.955 19 
183 18.06 19 
184 18.03 19 
185 18.065 20 
