0 9.93 16 
1 10.5 16 
2 10.41 16 
3 10.68 16 
4 11.37 16 
5 11.985 16 
6 12.415 16 
7 12.785 16 
8 13.275 16 
9 13.75 16 
10 13.955 16 
11 14.06 16 
12 14.205 16 
13 14.27 16 
14 14.49 16 
15 14.505 17 
16 14.71 17 
17 14.655 17 
18 14.71 17 
19 14.745 17 
20 14.83 16 
21 14.91 17 
22 15.01 17 
23 15.065 17 
24 15.195 17 
25 15.165 17 
26 15.19 17 
27 15.405 17 
28 15.5 17 
29 15.56 17 
30 15.68 17 
31 15.75 17 
32 15.775 17 
33 15.82 17 
34 15.86 17 
35 15.86 17 
36 15.88 17 
37 15.865 17 
38 15.895 17 
39 15.945 18 
40 15.95 18 
41 15.95 17 
42 15.945 17 
43 15.955 17 
44 15.99 17 
45 16.035 17 
46 16.045 17 
47 15.935 17 
48 15.96 17 
49 16.01 17 
50 15.99 17 
51 16.03 17 
52 16.06 17 
53 16.02 17 
54 16.065 17 
55 16.045 17 
56 16.06 17 
57 16.09 17 
58 16.05 17 
59 16.015 17 
60 16.015 17 
61 16.03 17 
62 16.08 18 
63 16.025 17 
64 16.015 17 
65 15.99 17 
66 15.94 17 
67 15.99 17 
68 15.99 17 
69 16.015 17 
70 16.155 17 
71 16.275 17 
72 16.3 18 
73 16.285 18 
74 16.27 18 
75 16.34 18 
76 16.4 17 
77 16.385 17 
78 16.375 18 
79 16.31 18 
80 16.25 17 
81 16.295 17 
82 16.26 17 
83 16.27 17 
84 16.405 17 
85 16.455 17 
86 16.45 17 
87 16.5 18 
88 16.575 18 
89 16.565 18 
90 16.565 18 
91 16.63 18 
92 16.62 18 
93 16.675 18 
94 16.595 18 
95 16.565 18 
96 16.65 18 
97 16.615 18 
98 16.545 18 
99 16.545 18 
100 16.565 18 
101 16.57 18 
102 16.56 18 
103 16.59 18 
104 16.615 18 
105 16.625 18 
106 16.65 18 
107 16.615 18 
108 16.6 18 
109 16.55 18 
110 16.58 18 
111 16.57 18 
112 16.575 18 
113 16.625 18 
114 16.65 18 
115 16.665 18 
116 16.615 18 
117 16.61 18 
118 16.635 18 
119 16.72 18 
120 16.77 18 
121 16.785 18 
122 16.79 19 
123 16.845 19 
124 16.83 19 
125 16.82 19 
126 16.92 19 
127 16.975 19 
128 16.955 19 
129 17.145 19 
130 17.14 19 
131 17.21 19 
132 17.29 19 
133 17.22 19 
134 17.28 19 
135 17.32 19 
136 17.26 19 
137 17.39 19 
138 17.38 19 
139 17.39 19 
140 17.475 19 
141 17.53 19 
142 17.545 19 
143 17.58 19 
144 17.53 19 
145 17.665 19 
146 17.805 19 
147 17.725 19 
148 17.84 19 
149 17.885 19 
150 17.905 19 
151 17.905 19 
152 17.945 19 
153 18.1 19 
154 18.085 19 
155 18.095 19 
156 18.105 19 
157 18.08 19 
158 18.025 19 
159 18.01 19 
160 18.03 20 
