0 10.26 15 
1 10.615 15 
2 11.14 15 
3 11.29 15 
4 11.675 15 
5 11.855 15 
6 12.065 15 
7 12.13 15 
8 12.305 15 
9 12.405 16 
10 12.44 15 
11 12.57 15 
12 12.815 15 
13 12.91 16 
14 13.035 16 
15 13.12 16 
16 13.245 17 
17 13.275 17 
18 13.4 18 
19 13.355 17 
20 13.425 18 
21 13.64 17 
22 13.845 18 
23 13.97 18 
24 14.155 18 
25 14.485 18 
26 14.605 18 
27 14.935 18 
28 15.165 18 
29 15.2 18 
30 15.36 18 
31 15.59 18 
32 15.78 18 
33 15.985 18 
34 16.015 18 
35 16.155 18 
36 16.37 19 
37 16.51 20 
