0 9.76 15 
1 9.94 15 
2 10.435 15 
3 11.04 15 
4 11.49 15 
5 11.715 15 
6 11.98 15 
7 12.09 15 
8 12.28 15 
9 12.455 16 
10 12.54 16 
11 12.73 16 
12 12.88 16 
13 13.12 16 
14 13.3 16 
15 13.515 16 
16 13.645 16 
17 13.865 16 
18 13.92 16 
19 14.11 16 
20 14.15 16 
21 14.285 16 
22 14.315 17 
23 14.325 17 
24 14.44 17 
25 14.55 16 
26 14.625 16 
27 14.86 16 
28 14.915 17 
29 14.94 17 
30 14.955 17 
31 14.895 17 
32 14.97 16 
33 14.97 16 
34 14.995 16 
35 15.065 16 
36 15.06 16 
37 15.11 17 
38 15.12 17 
39 15.095 17 
40 15.14 17 
41 15.19 17 
42 15.295 17 
43 15.265 17 
44 15.25 17 
45 15.345 17 
46 15.325 18 
47 15.385 18 
48 15.375 18 
49 15.43 18 
50 15.435 18 
51 15.48 18 
52 15.455 18 
53 15.515 18 
54 15.595 18 
55 15.57 18 
56 15.53 18 
57 15.48 18 
58 15.485 18 
59 15.58 18 
60 15.74 18 
61 15.81 18 
62 15.84 18 
63 15.81 19 
64 16.025 19 
65 16.045 19 
66 16.11 19 
67 16.255 19 
68 16.475 19 
69 16.545 19 
70 16.595 19 
71 16.615 19 
72 16.71 19 
73 16.695 19 
74 16.63 19 
75 16.54 19 
76 16.515 19 
77 16.61 19 
78 16.545 19 
79 16.745 20 
