0 10.17 16 
1 10.605 16 
2 10.745 16 
3 11.105 16 
4 11.505 16 
5 11.815 16 
6 11.885 16 
7 12.125 16 
8 12.705 16 
9 13.15 16 
10 13.625 16 
11 13.945 17 
12 14.275 16 
13 14.465 16 
14 14.56 16 
15 14.565 17 
16 14.915 17 
17 14.92 17 
18 15.145 17 
19 15.245 17 
20 15.355 17 
21 15.315 17 
22 15.3 17 
23 15.31 17 
24 15.35 17 
25 15.465 17 
26 15.495 17 
27 15.515 17 
28 15.63 17 
29 15.645 17 
30 15.68 17 
31 15.83 17 
32 15.9 18 
33 15.995 18 
34 16.03 18 
35 16.045 18 
36 16.105 18 
37 16.195 18 
38 16.15 18 
39 16.155 18 
40 16.145 18 
41 16.095 18 
42 16.075 18 
43 16.08 18 
44 16.14 18 
45 16.215 18 
46 16.14 18 
47 16.05 18 
48 15.995 18 
49 15.95 18 
50 15.895 17 
51 15.885 17 
52 15.835 17 
53 15.79 17 
54 15.845 17 
55 15.83 17 
56 15.865 17 
57 15.83 17 
58 15.795 17 
59 15.765 17 
60 15.825 17 
61 15.83 17 
62 15.835 17 
63 15.88 17 
64 15.885 18 
65 15.84 17 
66 15.815 17 
67 15.795 17 
68 15.755 17 
69 15.89 17 
70 15.855 18 
71 15.885 18 
72 15.93 18 
73 15.905 18 
74 15.95 18 
75 16.04 18 
76 16.07 18 
77 16.185 18 
78 16.27 18 
79 16.285 18 
80 16.255 18 
81 16.345 18 
82 16.46 18 
83 16.455 18 
84 16.525 18 
85 16.69 18 
86 16.685 18 
87 16.58 18 
88 16.695 18 
89 16.72 18 
90 16.71 18 
91 16.785 18 
92 16.83 18 
93 16.88 18 
94 16.975 18 
95 17.025 19 
96 16.98 19 
97 16.92 19 
98 16.895 19 
99 16.92 19 
100 16.975 19 
101 17.15 19 
102 17.19 19 
103 17.23 19 
104 17.32 19 
105 17.345 19 
106 17.31 19 
107 17.345 19 
108 17.32 19 
109 17.34 19 
110 17.32 19 
111 17.14 19 
112 17.24 19 
113 17.34 19 
114 17.53 19 
115 17.455 19 
116 17.435 19 
117 17.455 19 
118 17.525 19 
119 17.63 19 
120 17.635 19 
121 17.515 19 
122 17.55 19 
123 17.57 19 
124 17.685 19 
125 17.555 19 
126 17.67 19 
127 17.65 19 
128 17.67 19 
129 17.615 19 
130 17.62 19 
131 17.585 19 
132 17.53 19 
133 17.59 19 
134 17.56 19 
135 17.525 19 
136 17.495 19 
137 17.52 19 
138 17.475 19 
139 17.475 19 
140 17.55 19 
141 17.63 19 
142 17.67 19 
143 17.62 19 
144 17.62 19 
145 17.595 19 
146 17.55 19 
147 17.555 19 
148 17.69 19 
149 17.77 19 
150 17.76 19 
151 17.735 19 
152 17.78 19 
153 17.755 19 
154 17.715 19 
155 17.74 19 
156 17.8 19 
157 17.83 19 
158 17.85 19 
159 17.82 19 
160 17.77 19 
161 17.795 19 
162 17.895 19 
163 17.86 19 
164 17.85 19 
165 17.83 19 
166 17.925 19 
167 17.915 19 
168 17.865 19 
169 17.95 19 
170 17.945 19 
171 17.9 19 
172 17.885 19 
173 17.91 19 
174 18.0 19 
175 18.07 19 
176 18.185 19 
177 18.125 20 
