0 9.97 17 
1 10.185 16 
2 10.475 15 
3 10.84 15 
4 10.985 15 
5 11.34 15 
6 11.685 16 
7 12.025 15 
8 12.16 16 
9 12.4 16 
10 12.64 16 
11 12.83 16 
12 13.115 16 
13 13.145 16 
14 13.465 18 
15 13.595 18 
16 13.76 18 
17 13.79 18 
18 13.915 18 
19 14.215 18 
20 14.465 18 
21 14.66 18 
22 14.635 18 
23 14.805 18 
24 15.025 18 
25 15.045 18 
26 15.185 18 
27 15.375 19 
28 15.28 19 
29 15.235 18 
30 15.36 18 
31 15.535 19 
32 15.675 19 
33 15.735 19 
34 15.72 19 
35 15.825 19 
36 15.89 19 
37 15.825 19 
38 16.125 19 
39 16.27 20 
