0 9.82 14 
1 10.415 17 
2 10.71 17 
3 11.145 16 
4 11.395 16 
5 11.535 15 
6 11.85 16 
7 11.845 16 
8 12.12 16 
9 12.495 16 
10 12.495 16 
11 12.785 16 
12 13.015 16 
13 13.255 16 
14 13.46 17 
15 13.45 18 
16 13.59 17 
17 13.985 17 
18 14.205 18 
19 14.48 19 
20 14.73 18 
21 14.795 18 
22 15.005 19 
23 15.13 19 
24 15.17 19 
25 15.175 19 
26 15.42 19 
27 15.66 19 
28 15.845 19 
29 15.965 19 
30 16.125 19 
31 16.13 19 
32 16.135 19 
33 16.215 19 
34 16.27 19 
35 16.365 19 
36 16.28 19 
37 16.225 19 
38 16.385 20 
