0 10.0 15 
1 10.52 16 
2 10.8 16 
3 10.865 15 
4 10.98 16 
5 11.35 16 
6 11.415 16 
7 11.405 16 
8 11.495 16 
9 11.755 16 
10 11.905 17 
11 12.05 17 
12 12.315 17 
13 12.715 18 
14 12.78 17 
15 13.095 18 
16 13.28 18 
17 13.535 18 
18 13.725 18 
19 13.935 19 
20 14.035 18 
21 14.075 19 
22 14.105 19 
23 14.235 19 
24 14.43 18 
25 14.4 19 
26 14.475 19 
27 14.51 19 
28 14.69 19 
29 14.385 19 
30 14.28 19 
31 14.555 18 
32 14.665 19 
33 14.525 19 
34 14.575 19 
35 14.975 19 
36 15.035 19 
37 15.025 19 
38 15.095 19 
39 15.24 19 
40 15.44 19 
41 15.39 19 
42 15.405 19 
43 15.225 20 
