0 10.07 16 
1 10.4 16 
2 10.925 18 
3 11.295 17 
4 11.71 17 
5 12.115 17 
6 12.375 17 
7 12.2 18 
8 12.23 18 
9 12.215 17 
10 12.43 17 
11 12.57 17 
12 12.485 17 
13 12.36 18 
14 12.395 17 
15 12.475 17 
16 12.46 17 
17 12.68 17 
18 12.645 17 
19 12.67 18 
20 12.865 18 
21 12.715 17 
22 12.76 19 
23 12.775 18 
24 12.95 18 
25 12.82 18 
26 13.0 19 
27 13.01 18 
28 12.96 18 
29 13.01 19 
30 13.295 19 
31 13.5 18 
32 13.635 18 
33 13.485 18 
34 13.41 18 
35 13.16 18 
36 13.15 18 
37 13.125 19 
38 13.32 19 
39 13.205 19 
40 13.025 19 
41 12.78 17 
42 12.62 19 
43 12.735 18 
44 12.495 18 
45 12.72 18 
46 12.795 18 
47 12.99 18 
48 13.04 18 
49 13.185 20 
