0 10.05 16 
1 10.845 16 
2 11.23 17 
3 11.55 17 
4 11.75 16 
5 12.08 18 
6 12.29 18 
7 12.5 19 
8 12.59 18 
9 12.695 17 
10 13.04 19 
11 12.82 18 
12 12.78 17 
13 12.795 17 
14 12.835 17 
15 12.76 18 
16 12.36 17 
17 12.58 18 
18 12.705 19 
19 12.83 17 
20 12.705 18 
21 12.47 18 
22 12.41 18 
23 12.615 18 
24 12.8 18 
25 12.89 18 
26 12.915 19 
27 12.805 18 
28 12.525 18 
29 12.67 18 
30 12.91 18 
31 13.04 18 
32 12.99 19 
33 12.97 18 
34 12.85 18 
35 12.695 18 
36 12.665 18 
37 12.85 17 
38 12.855 17 
39 13.1 18 
40 12.74 18 
41 12.91 18 
42 12.905 18 
43 13.06 18 
44 13.17 18 
45 13.195 19 
46 13.37 19 
47 13.345 18 
48 13.395 18 
49 12.97 19 
50 13.025 18 
51 12.88 18 
52 12.95 19 
53 12.625 18 
54 12.505 17 
55 12.76 17 
56 13.05 18 
57 12.97 17 
58 13.075 18 
59 13.15 17 
60 13.15 18 
61 13.235 18 
62 12.855 18 
63 12.78 17 
64 12.845 18 
65 12.675 18 
66 12.51 19 
67 12.36 17 
68 12.46 17 
69 12.63 17 
70 12.8 18 
71 12.54 17 
72 12.775 18 
73 13.01 18 
74 12.935 17 
75 12.84 19 
76 13.27 19 
77 13.095 19 
78 12.955 17 
79 12.705 18 
80 12.515 17 
81 12.655 18 
82 12.85 18 
83 12.785 18 
84 12.66 18 
85 12.765 19 
86 12.5 18 
87 12.525 19 
88 12.51 18 
89 12.56 18 
90 12.755 20 
