0 10.21 15 
1 10.57 16 
2 10.74 15 
3 10.955 17 
4 10.9 17 
5 11.11 16 
6 11.38 16 
7 11.63 18 
8 11.895 17 
9 11.79 18 
10 12.065 17 
11 12.215 17 
12 12.24 18 
13 12.29 19 
14 12.2 19 
15 12.135 18 
16 12.11 18 
17 12.34 18 
18 12.32 17 
19 12.565 17 
20 12.63 17 
21 12.63 17 
22 12.62 17 
23 12.775 17 
24 12.79 17 
25 12.485 17 
26 12.385 17 
27 12.345 17 
28 12.555 19 
29 12.515 17 
30 12.5 17 
31 12.495 17 
32 12.665 17 
33 12.58 17 
34 12.53 17 
35 12.465 17 
36 12.45 17 
37 12.46 17 
38 12.69 18 
39 12.84 19 
40 12.875 18 
41 12.755 18 
42 12.87 18 
43 12.78 18 
44 12.9 18 
45 12.76 18 
46 13.015 18 
47 13.05 18 
48 12.965 18 
49 12.94 18 
50 12.84 18 
51 12.875 18 
52 12.935 17 
53 12.94 18 
54 13.0 18 
55 12.98 18 
56 12.92 18 
57 12.835 17 
58 12.87 18 
59 12.72 18 
60 12.68 18 
61 12.965 18 
62 12.785 19 
63 13.115 19 
64 13.225 18 
65 13.085 19 
66 13.175 19 
67 13.405 19 
68 13.165 19 
69 13.405 18 
70 13.34 18 
71 13.37 18 
72 13.395 19 
73 13.3 18 
74 13.2 18 
75 13.215 19 
76 13.385 19 
77 13.27 19 
78 13.31 19 
79 13.345 18 
80 13.41 19 
81 13.35 18 
82 13.29 18 
83 13.325 18 
84 13.435 18 
85 13.3 19 
86 13.245 19 
87 13.45 18 
88 13.37 18 
89 13.31 18 
90 13.02 18 
91 12.975 18 
92 12.97 17 
93 12.85 17 
94 12.795 19 
95 12.575 17 
96 12.735 18 
97 13.05 19 
98 12.795 18 
99 12.66 18 
100 12.69 18 
101 12.91 19 
102 12.805 18 
103 12.505 18 
104 12.48 18 
105 12.625 18 
106 12.38 18 
107 12.155 18 
108 12.38 18 
109 12.385 17 
110 12.505 18 
111 12.575 20 
