0 10.43 15 
1 11.15 17 
2 11.275 16 
3 11.45 17 
4 11.97 18 
5 12.135 17 
6 12.325 17 
7 12.83 18 
8 12.99 17 
9 13.11 18 
10 13.2 18 
11 13.16 19 
12 13.14 18 
13 13.285 18 
14 13.34 19 
15 13.135 18 
16 12.96 18 
17 12.845 17 
18 12.76 18 
19 13.025 17 
20 12.805 18 
21 12.835 18 
22 12.745 18 
23 13.035 18 
24 12.885 18 
25 13.075 18 
26 13.075 18 
27 12.885 18 
28 13.03 19 
29 13.075 18 
30 13.115 18 
31 12.96 17 
32 12.81 17 
33 12.98 18 
34 13.07 18 
35 13.18 18 
36 13.085 18 
37 13.02 18 
38 13.035 18 
39 13.295 18 
40 13.015 18 
41 12.78 17 
42 13.125 18 
43 13.175 19 
44 13.13 18 
45 13.215 18 
46 13.22 18 
47 13.225 18 
48 13.075 18 
49 12.8 17 
50 12.94 19 
51 12.89 17 
52 12.81 17 
53 12.715 18 
54 12.975 18 
55 12.925 18 
56 13.115 18 
57 12.98 18 
58 13.065 19 
59 13.025 20 
