0 9.93 16 
1 10.59 17 
2 10.645 18 
3 10.93 17 
4 10.96 16 
5 11.29 16 
6 11.385 18 
7 11.575 16 
8 11.6 17 
9 11.83 17 
10 12.15 17 
11 12.175 18 
12 12.24 18 
13 12.035 18 
14 12.285 16 
15 12.25 17 
16 12.655 17 
17 12.56 18 
18 12.705 18 
19 12.72 18 
20 12.66 18 
21 12.84 18 
22 13.075 19 
23 13.205 19 
24 12.98 19 
25 13.175 19 
26 13.43 19 
27 13.215 18 
28 12.955 17 
29 12.925 18 
30 12.92 18 
31 13.07 18 
32 13.145 18 
33 13.36 19 
34 12.95 18 
35 12.695 18 
36 12.745 18 
37 12.89 18 
38 13.045 19 
39 12.84 19 
40 12.835 18 
41 12.7 18 
42 12.75 18 
43 12.81 17 
44 12.72 17 
45 12.41 17 
46 12.705 18 
47 12.92 19 
48 12.825 18 
49 12.86 19 
50 12.945 19 
51 12.89 18 
52 13.125 18 
53 13.235 19 
54 13.495 18 
55 13.44 17 
56 13.52 18 
57 13.775 18 
58 13.615 19 
59 13.63 18 
60 13.335 19 
61 13.435 18 
62 13.45 18 
63 13.245 20 
