0 10.32 15 
1 10.83 16 
2 11.055 15 
3 11.38 17 
4 11.815 17 
5 12.08 17 
6 12.245 17 
7 12.22 17 
8 12.345 17 
9 12.655 18 
10 12.805 19 
11 12.79 18 
12 13.02 19 
13 13.195 19 
14 13.375 18 
15 13.725 19 
16 13.805 19 
17 13.87 18 
18 13.715 19 
19 13.875 19 
20 14.05 19 
21 14.41 19 
22 14.52 19 
23 14.315 18 
24 14.365 18 
25 14.435 18 
26 14.585 18 
27 14.685 19 
28 14.69 19 
29 14.995 19 
30 15.02 19 
31 14.88 19 
32 14.705 19 
33 14.73 19 
34 15.06 19 
35 14.9 19 
36 15.07 19 
37 14.855 19 
38 15.19 19 
39 15.1 19 
40 15.08 19 
41 15.375 19 
42 15.475 19 
43 15.455 20 
