0 9.65 16 
1 10.07 15 
2 10.38 15 
3 10.55 17 
4 10.77 17 
5 11.09 16 
6 11.135 17 
7 11.3 17 
8 11.555 18 
9 11.425 16 
10 11.515 17 
11 11.78 17 
12 12.11 17 
13 12.08 17 
14 12.21 18 
15 12.35 19 
16 12.35 18 
17 12.575 17 
18 12.535 18 
19 12.395 18 
20 12.73 17 
21 12.75 18 
22 12.85 18 
23 12.98 18 
24 12.73 18 
25 13.03 17 
26 13.11 18 
27 13.05 18 
28 13.195 18 
29 13.035 19 
30 12.865 18 
31 12.86 18 
32 12.97 18 
33 12.74 18 
34 12.785 18 
35 13.005 17 
36 13.225 19 
37 13.1 19 
38 13.1 18 
39 13.355 18 
40 13.13 17 
41 13.03 17 
42 13.05 17 
43 13.1 19 
44 13.04 18 
45 13.16 19 
46 13.355 18 
47 13.015 17 
48 12.985 17 
49 12.945 17 
50 12.66 16 
51 12.545 18 
52 12.71 18 
53 12.825 18 
54 12.665 18 
55 12.78 18 
56 12.9 17 
57 12.77 17 
58 12.7 17 
59 12.76 17 
60 12.91 17 
61 12.785 18 
62 12.495 17 
63 12.54 18 
64 12.47 18 
65 12.195 17 
66 12.305 17 
67 12.19 17 
68 12.36 17 
69 12.41 18 
70 12.55 18 
71 12.865 18 
72 12.76 20 
