0 10.18 16 
1 10.695 16 
2 11.165 16 
3 11.605 17 
4 11.56 18 
5 11.845 16 
6 12.025 17 
7 11.93 17 
8 11.925 16 
9 11.775 17 
10 12.065 19 
11 12.275 17 
12 12.15 17 
13 12.24 18 
14 12.4 17 
15 12.385 17 
16 12.26 17 
17 12.59 18 
18 12.695 18 
19 12.86 18 
20 12.86 17 
21 12.79 17 
22 12.78 16 
23 12.915 17 
24 12.93 18 
25 12.745 17 
26 12.64 18 
27 12.61 17 
28 12.73 18 
29 12.665 18 
30 12.62 19 
31 12.605 19 
32 12.78 19 
33 12.985 19 
34 12.77 19 
35 12.855 18 
36 12.905 18 
37 13.01 19 
38 12.98 19 
39 12.985 17 
40 12.94 18 
41 13.035 18 
42 13.245 19 
43 13.165 19 
44 13.06 18 
45 12.95 18 
46 13.16 18 
47 13.1 18 
48 13.02 18 
49 12.815 17 
50 12.6 17 
51 12.835 18 
52 12.66 18 
53 12.795 20 
