0 9.75 14 
1 10.33 15 
2 10.645 16 
3 10.89 16 
4 11.205 15 
5 11.405 18 
6 11.285 17 
7 11.495 17 
8 11.555 18 
9 11.87 17 
10 12.02 17 
11 12.3 18 
12 12.205 17 
13 12.03 18 
14 12.19 18 
15 12.405 18 
16 12.48 18 
17 12.545 17 
18 12.62 18 
19 12.44 17 
20 12.695 17 
21 12.745 19 
22 12.66 19 
23 12.685 18 
24 12.76 17 
25 12.735 17 
26 12.725 18 
27 12.51 18 
28 12.58 18 
29 12.37 17 
30 12.615 17 
31 12.685 17 
32 12.855 17 
33 12.68 18 
34 12.93 19 
35 12.92 18 
36 13.165 19 
37 13.125 19 
38 12.965 18 
39 12.845 18 
40 12.815 18 
41 12.9 18 
42 13.0 18 
43 13.185 18 
44 12.935 19 
45 12.635 17 
46 12.78 17 
47 12.71 18 
48 12.83 18 
49 12.91 19 
50 12.805 18 
51 13.055 18 
52 13.06 18 
53 12.895 17 
54 12.98 18 
55 12.99 19 
56 13.01 19 
57 12.845 17 
58 12.685 17 
59 12.755 18 
60 13.045 18 
61 13.09 18 
62 12.86 17 
63 12.58 17 
64 12.43 17 
65 12.595 19 
66 12.4 18 
67 12.78 18 
68 13.03 18 
69 12.915 19 
70 12.735 19 
71 12.715 19 
72 12.785 18 
73 12.885 19 
74 12.895 18 
75 13.14 19 
76 13.01 18 
77 12.91 19 
78 12.915 18 
79 12.975 18 
80 12.82 18 
81 12.905 19 
82 13.08 19 
83 13.2 20 
