0 10.12 14 
1 10.625 16 
2 10.875 17 
3 11.22 17 
4 11.275 16 
5 11.81 17 
6 12.07 17 
7 12.325 18 
8 12.41 18 
9 12.69 17 
10 12.59 18 
11 12.71 17 
12 12.63 17 
13 12.585 17 
14 12.915 18 
15 12.775 18 
16 12.935 19 
17 12.805 18 
18 12.845 18 
19 12.805 18 
20 12.94 18 
21 12.83 17 
22 12.875 18 
23 12.605 17 
24 12.485 17 
25 12.455 19 
26 12.59 18 
27 12.455 19 
28 12.43 19 
29 12.385 19 
30 12.49 18 
31 12.7 17 
32 12.725 17 
33 12.76 19 
34 12.835 18 
35 12.57 17 
36 12.745 19 
37 12.95 18 
38 12.95 17 
39 12.98 18 
40 12.995 19 
41 12.79 20 
