0 10.1 16 
1 10.4 16 
2 10.495 18 
3 11.18 17 
4 11.43 17 
5 11.465 17 
6 11.645 17 
7 11.835 17 
8 11.945 16 
9 12.275 17 
10 12.37 17 
11 12.5 17 
12 12.665 18 
13 12.575 17 
14 12.455 17 
15 12.345 17 
16 12.38 18 
17 12.375 18 
18 12.8 18 
19 12.915 18 
20 12.86 17 
21 12.985 18 
22 13.065 17 
23 12.93 17 
24 13.025 17 
25 12.87 17 
26 12.985 18 
27 12.81 18 
28 13.225 18 
29 13.33 19 
30 13.095 18 
31 13.035 19 
32 12.78 19 
33 12.615 19 
34 12.645 18 
35 12.795 18 
36 12.94 19 
37 13.005 18 
38 12.865 18 
39 12.94 18 
40 12.67 17 
41 12.77 18 
42 13.06 18 
43 13.09 18 
44 13.17 18 
45 13.205 18 
46 13.195 19 
47 13.365 19 
48 13.385 19 
49 13.495 20 
