0 9.8 15 
1 10.325 16 
2 10.885 16 
3 11.035 16 
4 11.405 17 
5 11.52 16 
6 11.4 16 
7 11.595 17 
8 12.015 18 
9 12.52 18 
10 12.58 19 
11 12.88 19 
12 13.015 18 
13 12.695 19 
14 12.79 18 
15 12.715 18 
16 12.76 17 
17 12.58 19 
18 12.315 17 
19 12.28 17 
20 12.275 18 
21 12.37 18 
22 12.4 18 
23 12.725 18 
24 12.83 17 
25 12.445 18 
26 12.665 18 
27 12.755 18 
28 12.565 17 
29 12.81 18 
30 12.675 18 
31 12.9 18 
32 12.95 19 
33 12.75 18 
34 12.68 18 
35 12.505 19 
36 12.425 19 
37 12.575 19 
38 12.685 19 
39 12.835 18 
40 12.815 18 
41 12.585 18 
42 12.55 20 
