0 10.31 17 
1 10.795 16 
2 11.0 17 
3 11.255 17 
4 11.44 18 
5 12.0 18 
6 12.06 18 
7 12.335 17 
8 12.255 17 
9 12.26 17 
10 12.485 17 
11 12.385 17 
12 12.21 17 
13 12.27 17 
14 12.405 17 
15 12.605 19 
16 12.695 19 
17 12.83 19 
18 12.675 18 
19 12.485 18 
20 12.425 18 
21 12.585 18 
22 12.815 18 
23 12.8 18 
24 12.89 17 
25 12.92 18 
26 12.965 18 
27 12.93 17 
28 12.905 17 
29 13.16 18 
30 13.1 17 
31 12.99 18 
32 12.895 17 
33 12.87 18 
34 12.775 18 
35 12.9 17 
36 12.94 18 
37 12.835 18 
38 13.165 18 
39 13.035 18 
40 13.215 18 
41 13.24 18 
42 13.26 19 
43 13.375 19 
44 13.325 19 
45 13.325 18 
46 13.285 19 
47 13.275 18 
48 13.165 18 
49 13.2 17 
50 13.19 18 
51 13.465 18 
52 13.375 19 
53 12.99 18 
54 12.925 18 
55 12.88 18 
56 12.88 17 
57 12.79 19 
58 13.07 18 
59 13.19 18 
60 13.235 18 
61 13.025 18 
62 13.165 17 
63 13.18 18 
64 12.855 18 
65 12.855 17 
66 12.815 19 
67 13.035 18 
68 13.025 18 
69 13.115 19 
70 13.22 19 
71 12.85 18 
72 12.875 19 
73 12.595 18 
74 12.645 18 
75 12.825 18 
76 12.92 18 
77 13.01 19 
78 13.06 18 
79 13.1 19 
80 13.015 18 
81 13.325 19 
82 13.09 18 
83 13.135 18 
84 13.17 18 
85 13.245 18 
86 13.35 18 
87 13.41 18 
88 13.23 18 
89 13.15 18 
90 12.925 19 
91 12.74 19 
92 12.5 17 
93 12.645 19 
94 12.78 18 
95 13.095 18 
96 12.98 18 
97 13.215 19 
98 13.285 18 
99 13.15 18 
100 13.19 18 
101 12.935 18 
102 13.105 18 
103 13.025 17 
104 13.03 18 
105 13.04 18 
106 13.03 18 
107 12.925 17 
108 13.16 18 
109 13.21 18 
110 13.22 19 
111 13.61 19 
112 13.455 19 
113 13.545 17 
114 13.725 18 
115 13.895 20 
