0 10.13 16 
1 10.315 16 
2 10.74 17 
3 11.07 17 
4 11.285 18 
5 11.48 16 
6 11.555 17 
7 11.795 18 
8 12.3 18 
9 12.49 18 
10 12.54 18 
11 12.55 18 
12 12.38 17 
13 12.295 16 
14 12.465 17 
15 12.77 18 
16 12.76 17 
17 12.625 17 
18 12.46 17 
19 12.435 18 
20 12.415 18 
21 12.485 18 
22 12.705 18 
23 12.805 18 
24 12.985 18 
25 12.745 18 
26 12.685 18 
27 12.785 18 
28 12.91 19 
29 12.825 18 
30 12.9 18 
31 12.86 18 
32 12.995 18 
33 12.895 18 
34 12.925 18 
35 12.9 18 
36 12.8 18 
37 12.99 18 
38 13.345 19 
39 13.62 18 
40 13.68 18 
41 13.495 19 
42 13.435 19 
43 13.41 19 
44 13.305 17 
45 13.53 18 
46 13.4 18 
47 13.73 18 
48 13.565 19 
49 13.515 19 
50 13.615 19 
51 13.51 18 
52 13.6 19 
53 13.475 19 
54 13.405 18 
55 13.525 19 
56 13.27 18 
57 13.415 18 
58 13.455 19 
59 13.28 19 
60 13.245 19 
61 13.115 18 
62 12.82 18 
63 12.66 18 
64 12.715 18 
65 12.815 18 
66 12.735 19 
67 12.93 19 
68 13.04 19 
69 13.19 19 
70 13.17 19 
71 12.84 18 
72 13.09 18 
73 13.45 18 
74 13.81 19 
75 13.745 18 
76 13.585 19 
77 13.49 18 
78 13.61 18 
79 13.61 18 
80 13.415 17 
81 13.135 17 
82 13.0 17 
83 12.875 18 
84 12.7 18 
85 12.77 18 
86 12.44 17 
87 12.54 18 
88 12.325 18 
89 12.435 18 
90 12.45 17 
91 12.7 18 
92 12.445 18 
93 12.46 18 
94 12.84 19 
95 12.805 19 
96 12.735 19 
97 12.78 17 
98 12.93 18 
99 12.935 18 
100 12.9 18 
101 13.135 18 
102 13.29 18 
103 13.12 18 
104 13.03 18 
105 12.94 18 
106 12.97 20 
