0 10.42 17 
1 10.89 17 
2 11.465 18 
3 11.615 18 
4 11.62 17 
5 11.68 16 
6 11.85 17 
7 11.875 16 
8 11.785 17 
9 11.88 16 
10 12.015 17 
11 12.04 17 
12 12.1 18 
13 12.165 17 
14 12.18 18 
15 12.13 18 
16 12.38 17 
17 12.295 17 
18 12.46 18 
19 12.525 18 
20 12.67 18 
21 12.865 18 
22 12.96 19 
23 12.985 18 
24 13.02 19 
25 12.99 19 
26 13.155 18 
27 12.935 18 
28 12.605 17 
29 12.755 18 
30 12.9 18 
31 12.895 19 
32 12.865 19 
33 12.89 18 
34 12.82 18 
35 12.705 18 
36 12.8 18 
37 12.755 18 
38 12.85 17 
39 12.705 19 
40 12.725 18 
41 12.64 17 
42 12.735 17 
43 12.605 18 
44 12.685 18 
45 12.725 18 
46 12.815 19 
47 12.955 19 
48 12.755 18 
49 12.825 17 
50 12.58 17 
51 12.515 17 
52 12.27 17 
53 12.415 17 
54 12.5 16 
55 12.26 16 
56 12.42 17 
57 12.395 17 
58 12.17 17 
59 12.235 18 
60 12.635 18 
61 12.455 18 
62 12.635 18 
63 12.8 18 
64 12.93 17 
65 12.97 18 
66 13.075 19 
67 13.0 18 
68 12.945 19 
69 12.675 17 
70 12.83 17 
71 12.9 18 
72 12.785 17 
73 12.77 18 
74 12.72 17 
75 12.46 17 
76 12.415 18 
77 12.145 17 
78 12.05 17 
79 12.005 17 
80 12.08 17 
81 12.345 18 
82 12.29 18 
83 12.315 18 
84 12.24 18 
85 12.225 17 
86 12.405 17 
87 12.225 18 
88 12.45 18 
89 12.61 18 
90 12.625 17 
91 12.73 18 
92 12.71 18 
93 12.67 17 
94 12.6 17 
95 12.54 17 
96 12.84 17 
97 12.905 17 
98 12.97 18 
99 12.895 18 
100 12.975 18 
101 12.84 19 
102 12.805 18 
103 12.86 18 
104 12.915 19 
105 12.835 18 
106 13.05 17 
107 12.875 18 
108 13.04 19 
109 13.065 18 
110 12.995 18 
111 13.03 18 
112 13.1 18 
113 12.935 18 
114 13.035 19 
115 13.03 19 
116 12.975 18 
117 12.86 18 
118 12.89 18 
119 13.395 17 
120 13.28 18 
121 13.08 18 
122 13.02 17 
123 12.955 18 
124 12.74 17 
125 12.88 18 
126 12.77 18 
127 12.725 18 
128 12.97 18 
129 13.21 18 
130 13.17 17 
131 13.06 18 
132 12.85 17 
133 12.745 18 
134 12.55 19 
135 12.88 18 
136 12.905 18 
137 13.165 18 
138 12.655 18 
139 12.75 19 
140 12.93 19 
141 12.705 17 
142 12.77 18 
143 12.79 18 
144 12.985 17 
145 12.97 18 
146 12.805 18 
147 12.835 17 
148 12.855 17 
149 12.67 19 
150 12.75 19 
151 12.765 19 
152 12.8 19 
153 12.955 19 
154 13.17 18 
155 13.32 18 
156 13.36 19 
157 12.975 18 
158 12.785 19 
159 12.785 17 
160 12.85 17 
161 13.04 18 
162 12.94 17 
163 13.005 17 
164 12.915 18 
165 12.83 17 
166 12.96 18 
167 13.34 18 
168 13.485 19 
169 13.575 19 
170 13.2 18 
171 13.09 18 
172 13.255 19 
173 13.215 18 
174 13.24 18 
175 13.025 19 
176 12.985 19 
177 12.9 19 
178 12.985 20 
