0 10.1 15 
1 10.63 16 
2 10.905 17 
3 11.37 17 
4 11.68 17 
5 11.94 17 
6 11.89 17 
7 12.18 17 
8 12.35 16 
9 12.75 17 
10 12.445 17 
11 12.44 16 
12 12.65 18 
13 12.645 18 
14 12.865 19 
15 12.86 19 
16 13.065 19 
17 13.2 19 
18 13.44 19 
19 13.22 18 
20 13.18 18 
21 13.045 17 
22 12.735 17 
23 12.535 16 
24 12.78 17 
25 12.945 18 
26 12.835 19 
27 12.87 18 
28 12.665 17 
29 12.68 18 
30 12.95 18 
31 13.08 18 
32 12.93 18 
33 13.095 19 
34 13.01 19 
35 13.225 18 
36 13.02 19 
37 12.94 18 
38 13.205 18 
39 13.33 18 
40 13.14 18 
41 13.27 19 
42 13.325 18 
43 13.39 18 
44 13.06 18 
45 13.235 19 
46 13.065 18 
47 13.01 18 
48 13.09 18 
49 12.89 19 
50 12.625 17 
51 12.665 17 
52 12.65 17 
53 12.3 18 
54 12.52 18 
55 12.935 19 
56 13.04 18 
57 12.84 19 
58 12.775 18 
59 12.83 17 
60 12.96 17 
61 12.73 17 
62 12.835 17 
63 12.575 18 
64 12.435 17 
65 12.23 17 
66 12.375 19 
67 12.33 17 
68 12.36 18 
69 12.49 17 
70 12.51 19 
71 12.275 17 
72 12.21 17 
73 12.535 17 
74 12.525 17 
75 12.51 17 
76 12.52 17 
77 12.58 17 
78 12.41 17 
79 12.6 17 
80 12.65 19 
81 12.74 18 
82 12.71 18 
83 12.945 18 
84 12.975 19 
85 12.97 19 
86 13.01 19 
87 13.175 17 
88 13.065 17 
89 13.055 18 
90 13.09 18 
91 13.12 18 
92 13.26 19 
93 12.975 19 
94 13.075 19 
95 13.26 19 
96 13.125 17 
97 13.295 19 
98 13.355 20 
