0 10.025 16 
1 10.4125 16 
2 11.2625 16 
3 11.4875 16 
4 12.1 17 
5 12.2375 17 
6 12.9 17 
7 13.3125 18 
8 13.3625 18 
9 13.5 18 
10 13.725 18 
11 13.85 18 
12 14.3125 18 
13 14.35 18 
14 14.625 18 
15 14.8625 18 
16 14.875 18 
17 14.8625 18 
18 14.9875 17 
19 15.0125 18 
20 15.15 18 
21 15.0625 18 
22 15.2625 18 
23 15.325 18 
24 15.4875 18 
25 15.75 18 
26 15.9 18 
27 16.175 18 
28 16.3125 19 
29 16.4875 19 
30 16.65 19 
31 16.325 19 
32 16.5125 19 
33 16.7625 19 
34 16.8125 19 
35 16.675 20 
