0 9.89090909090909 14 
1 10.290909090909091 15 
2 10.690909090909091 15 
3 11.031818181818181 15 
4 11.568181818181818 17 
5 11.831818181818182 17 
6 12.313636363636364 16 
7 12.536363636363637 17 
8 12.636363636363637 17 
9 12.904545454545454 17 
10 13.318181818181818 17 
11 13.336363636363636 18 
12 13.64090909090909 18 
13 13.972727272727273 18 
14 14.090909090909092 18 
15 14.418181818181818 18 
16 14.563636363636364 18 
17 14.604545454545455 18 
18 14.9 19 
19 14.963636363636363 19 
20 15.122727272727273 19 
21 15.25 19 
22 15.409090909090908 18 
23 15.49090909090909 18 
24 15.422727272727272 19 
25 15.74090909090909 19 
26 16.009090909090908 19 
27 16.009090909090908 19 
28 16.26818181818182 20 
