0 9.8 14 
1 10.233333333333333 14 
2 10.5 14 
3 10.416666666666666 14 
4 10.766666666666667 15 
5 11.433333333333334 16 
6 12.133333333333333 16 
7 12.166666666666666 16 
8 12.4 16 
9 12.45 16 
10 12.833333333333334 16 
11 13.25 17 
12 13.516666666666667 17 
13 13.9 17 
14 14.266666666666667 17 
15 14.683333333333334 18 
16 14.816666666666666 18 
17 14.816666666666666 18 
18 14.65 19 
19 15.05 18 
20 15.483333333333333 18 
21 15.55 18 
22 15.683333333333334 18 
23 15.6 18 
24 15.633333333333333 18 
25 15.633333333333333 19 
26 15.716666666666667 18 
27 15.883333333333333 18 
28 15.933333333333334 18 
29 15.85 18 
30 15.95 18 
31 15.95 18 
32 15.95 18 
33 16.25 18 
34 16.316666666666666 19 
35 15.95 18 
36 15.866666666666667 18 
37 16.016666666666666 18 
38 16.033333333333335 18 
39 16.05 18 
40 16.1 18 
41 16.05 18 
42 16.366666666666667 18 
43 16.366666666666667 18 
44 16.583333333333332 19 
45 16.7 19 
46 16.8 19 
47 16.95 19 
48 16.85 19 
49 16.616666666666667 18 
50 16.783333333333335 19 
51 16.783333333333335 18 
52 16.733333333333334 18 
53 16.783333333333335 18 
54 16.883333333333333 19 
55 16.816666666666666 18 
56 16.866666666666667 18 
57 16.866666666666667 18 
58 16.75 18 
59 16.783333333333335 18 
60 16.633333333333333 18 
61 16.683333333333334 18 
62 16.85 18 
63 16.833333333333332 18 
64 16.766666666666666 19 
65 16.833333333333332 18 
66 16.733333333333334 18 
67 16.733333333333334 18 
68 16.65 18 
69 16.583333333333332 17 
70 16.65 17 
71 16.783333333333335 18 
72 16.716666666666665 18 
73 16.716666666666665 18 
74 16.85 18 
75 16.883333333333333 18 
76 16.916666666666668 18 
77 16.833333333333332 18 
78 16.833333333333332 18 
79 16.75 18 
80 16.883333333333333 18 
81 16.9 18 
82 16.983333333333334 18 
83 17.0 18 
84 16.95 18 
85 17.033333333333335 18 
86 17.016666666666666 18 
87 17.116666666666667 18 
88 17.2 19 
89 17.183333333333334 18 
90 17.083333333333332 18 
91 17.166666666666668 19 
92 17.183333333333334 19 
93 17.233333333333334 19 
94 17.25 19 
95 17.3 19 
96 17.266666666666666 19 
97 17.35 19 
98 17.35 19 
99 17.533333333333335 19 
100 17.366666666666667 19 
101 17.433333333333334 19 
102 17.416666666666668 19 
103 17.433333333333334 19 
104 17.383333333333333 18 
105 17.4 18 
106 17.483333333333334 19 
107 17.55 19 
108 17.633333333333333 19 
109 17.7 19 
110 17.65 19 
111 17.75 19 
112 17.733333333333334 19 
113 17.75 19 
114 17.783333333333335 19 
115 17.783333333333335 19 
116 17.633333333333333 19 
117 17.55 19 
118 17.35 19 
119 17.266666666666666 18 
120 17.35 18 
121 17.416666666666668 19 
122 17.383333333333333 19 
123 17.4 19 
124 17.516666666666666 19 
125 17.716666666666665 19 
126 17.7 19 
127 17.816666666666666 19 
128 17.883333333333333 19 
129 17.85 19 
130 17.916666666666668 19 
131 17.883333333333333 19 
132 17.783333333333335 19 
133 17.583333333333332 19 
134 17.733333333333334 19 
135 17.683333333333334 19 
136 17.716666666666665 19 
137 17.633333333333333 19 
138 17.433333333333334 19 
139 17.533333333333335 19 
140 17.666666666666668 19 
141 17.883333333333333 19 
142 17.816666666666666 19 
143 17.883333333333333 19 
144 18.05 19 
145 18.25 19 
146 18.216666666666665 19 
147 18.183333333333334 19 
148 18.183333333333334 19 
149 18.283333333333335 19 
150 18.316666666666666 19 
151 18.166666666666668 19 
152 18.016666666666666 19 
153 18.15 19 
154 18.083333333333332 19 
155 18.25 19 
156 18.116666666666667 19 
157 17.933333333333334 19 
158 17.95 19 
159 18.016666666666666 19 
160 18.016666666666666 19 
161 17.883333333333333 19 
162 17.816666666666666 19 
163 17.866666666666667 19 
164 17.933333333333334 19 
165 18.05 19 
166 18.083333333333332 19 
167 18.266666666666666 19 
168 18.3 19 
169 18.466666666666665 19 
170 18.45 19 
171 18.55 19 
172 18.466666666666665 19 
173 18.416666666666668 19 
174 18.683333333333334 19 
175 18.6 19 
176 18.55 19 
177 18.55 19 
178 18.55 19 
179 18.683333333333334 19 
180 18.7 19 
181 18.633333333333333 19 
182 18.65 19 
183 18.633333333333333 19 
184 18.583333333333332 19 
185 18.633333333333333 20 
