0 10.271428571428572 14 
1 10.814285714285715 16 
2 11.260714285714286 17 
3 11.732142857142858 17 
4 12.071428571428571 18 
5 12.510714285714286 18 
6 13.04642857142857 18 
7 13.539285714285715 18 
8 13.678571428571429 18 
9 13.982142857142858 18 
10 14.175 19 
11 14.089285714285714 19 
12 14.1 18 
13 14.239285714285714 19 
14 14.221428571428572 17 
15 14.428571428571429 18 
16 14.603571428571428 18 
17 14.842857142857143 19 
18 15.132142857142858 19 
19 15.303571428571429 19 
20 15.553571428571429 19 
21 15.721428571428572 19 
22 15.757142857142858 19 
23 15.942857142857143 19 
24 16.189285714285713 20 
