0 10.114285714285714 15 
1 10.514285714285714 17 
2 11.021428571428572 17 
3 11.664285714285715 17 
4 11.978571428571428 17 
5 12.707142857142857 17 
6 13.185714285714285 17 
7 13.371428571428572 17 
8 13.635714285714286 18 
9 13.857142857142858 17 
10 14.021428571428572 18 
11 14.085714285714285 18 
12 14.278571428571428 18 
13 14.642857142857142 18 
14 14.778571428571428 19 
15 14.742857142857142 19 
16 15.15 18 
17 15.478571428571428 18 
18 15.621428571428572 18 
19 15.75 18 
20 15.735714285714286 18 
21 15.814285714285715 18 
22 15.928571428571429 18 
23 15.985714285714286 19 
24 16.014285714285716 19 
25 16.242857142857144 19 
26 16.392857142857142 19 
27 16.52857142857143 20 
