0 11.1 14 
1 11.3 14 
2 11.65 16 
3 11.6 16 
4 12.05 16 
5 12.95 16 
6 13.55 16 
7 14.25 17 
8 14.85 17 
9 15.3 17 
10 15.35 17 
11 15.75 17 
12 16.05 18 
13 15.95 18 
14 16.3 17 
15 16.35 17 
16 16.5 17 
17 16.75 17 
18 16.7 17 
19 16.7 17 
20 16.7 17 
21 16.55 17 
22 16.45 17 
23 16.3 17 
24 16.2 17 
25 16.35 17 
26 16.4 18 
27 16.4 18 
28 16.4 17 
29 16.4 17 
30 16.15 17 
31 16.1 17 
32 16.05 17 
33 16.1 17 
34 16.05 17 
35 16.05 17 
36 16.15 17 
37 16.1 17 
38 16.05 17 
39 16.05 17 
40 16.1 17 
41 15.95 16 
42 15.95 16 
43 15.9 16 
44 15.95 16 
45 15.9 16 
46 15.85 16 
47 15.95 16 
48 15.9 16 
49 15.85 16 
50 15.8 16 
51 15.95 16 
52 15.85 16 
53 15.85 16 
54 15.6 16 
55 15.6 16 
56 15.7 16 
57 15.75 16 
58 15.55 16 
59 15.45 16 
60 15.5 16 
61 15.45 16 
62 15.55 16 
63 15.65 16 
64 15.75 16 
65 15.75 16 
66 15.85 17 
67 15.9 17 
68 15.85 16 
69 15.9 16 
70 16.0 16 
71 16.0 16 
72 16.0 16 
73 15.95 16 
74 15.9 17 
75 15.9 16 
76 15.9 16 
77 15.95 16 
78 15.95 16 
79 16.0 16 
80 16.0 16 
81 16.0 16 
82 16.0 16 
83 16.0 16 
84 16.0 16 
85 16.0 16 
86 15.9 16 
87 15.9 16 
88 15.95 16 
89 16.0 16 
90 16.0 16 
91 15.95 16 
92 15.9 16 
93 15.9 16 
94 15.95 16 
95 16.05 17 
96 15.95 16 
97 15.9 16 
98 15.9 16 
99 15.9 16 
100 15.95 16 
101 15.95 16 
102 15.9 16 
103 16.0 16 
104 16.0 16 
105 16.0 16 
106 15.95 16 
107 15.9 16 
108 16.0 16 
109 16.0 17 
110 16.0 17 
111 15.95 16 
112 16.0 16 
113 15.95 16 
114 16.0 16 
115 16.0 16 
116 16.0 16 
117 16.0 16 
118 16.0 16 
119 16.0 16 
120 16.0 16 
121 16.0 16 
122 16.0 16 
123 15.95 16 
124 15.95 16 
125 15.95 16 
126 15.95 16 
127 16.0 16 
128 15.95 16 
129 15.95 16 
130 16.0 16 
131 15.95 16 
132 15.95 16 
133 15.95 16 
134 15.85 16 
135 15.9 17 
136 16.1 17 
137 16.15 17 
138 16.1 17 
139 16.1 17 
140 16.25 17 
141 16.1 17 
142 16.05 17 
143 16.05 17 
144 16.15 17 
145 16.15 17 
146 16.0 17 
147 15.95 16 
148 16.0 16 
149 15.85 16 
150 15.8 16 
151 15.8 16 
152 15.75 16 
153 15.85 16 
154 15.9 16 
155 15.95 16 
156 15.9 16 
157 15.9 16 
158 15.8 16 
159 15.9 16 
160 15.85 16 
161 15.8 16 
162 15.85 16 
163 15.9 16 
164 16.0 16 
165 16.0 16 
166 16.0 16 
167 15.95 16 
168 16.0 16 
169 16.0 16 
170 16.0 16 
171 16.0 16 
172 16.0 16 
173 16.0 16 
174 15.95 16 
175 15.95 16 
176 15.95 16 
177 15.95 16 
178 16.0 17 
179 16.05 17 
180 16.1 17 
181 16.0 16 
182 15.95 16 
183 15.95 16 
184 16.0 16 
185 16.0 16 
186 16.0 16 
187 16.0 16 
188 16.0 16 
189 15.95 16 
190 15.8 16 
191 15.85 17 
192 15.75 17 
193 15.8 17 
194 15.8 17 
195 16.0 17 
196 15.8 17 
197 15.95 17 
198 15.95 17 
199 15.95 17 
200 15.85 17 
201 15.95 17 
202 16.05 17 
203 16.1 18 
204 16.3 17 
205 16.1 17 
206 16.0 17 
207 16.05 17 
208 16.25 17 
209 16.25 17 
210 16.15 17 
211 16.25 17 
212 16.2 17 
213 15.95 17 
214 15.8 17 
215 15.95 17 
216 16.0 17 
217 15.95 17 
218 15.9 17 
219 15.85 17 
220 15.65 17 
221 15.85 16 
222 16.0 17 
223 16.0 16 
224 15.95 16 
225 15.95 16 
226 15.95 17 
227 15.95 17 
228 15.95 17 
229 16.1 17 
230 16.0 17 
231 16.1 17 
232 16.15 18 
233 16.15 18 
234 16.1 18 
235 16.3 18 
236 16.2 18 
237 16.4 18 
238 16.5 18 
239 16.35 18 
240 16.15 18 
241 16.35 18 
242 16.55 18 
243 16.5 18 
244 16.25 18 
245 16.45 19 
246 16.35 19 
247 16.4 17 
248 16.75 18 
249 16.8 18 
250 16.75 18 
251 16.8 17 
252 16.8 17 
253 16.75 17 
254 16.85 18 
255 16.85 18 
256 16.85 18 
257 16.85 18 
258 16.9 18 
259 17.1 18 
260 17.15 18 
261 17.1 18 
262 16.85 18 
263 16.65 18 
264 16.5 18 
265 16.3 17 
266 16.3 17 
267 16.4 17 
268 16.4 17 
269 16.35 17 
270 16.45 17 
271 16.45 17 
272 16.35 17 
273 16.35 17 
274 16.35 17 
275 16.4 17 
276 16.4 17 
277 16.3 17 
278 16.15 17 
279 16.3 17 
280 16.4 17 
281 16.75 17 
282 16.9 18 
283 17.0 18 
284 17.1 18 
285 17.1 18 
286 17.05 18 
287 16.95 17 
288 16.85 17 
289 16.85 17 
290 16.9 17 
291 16.9 17 
292 16.9 17 
293 16.95 17 
294 16.9 17 
295 16.85 17 
296 16.8 17 
297 16.55 17 
298 16.4 17 
299 16.4 17 
300 16.55 17 
301 16.65 17 
302 16.6 17 
303 16.6 18 
304 16.3 17 
305 16.5 17 
306 16.55 17 
307 16.55 17 
308 16.45 17 
309 16.55 18 
310 16.5 17 
311 16.55 17 
312 16.55 17 
313 16.6 17 
314 16.8 17 
315 16.75 17 
316 16.75 17 
317 16.85 17 
318 16.85 17 
319 16.95 17 
320 17.0 17 
321 16.95 17 
322 16.95 17 
323 16.8 17 
324 16.65 17 
325 16.75 17 
326 16.8 18 
327 16.65 17 
328 16.6 17 
329 16.55 17 
330 16.7 17 
331 16.8 17 
332 16.85 17 
333 16.9 17 
334 16.9 17 
335 16.9 17 
336 16.9 17 
337 17.0 17 
338 16.95 17 
339 16.9 17 
340 16.85 17 
341 16.65 17 
342 16.8 17 
343 16.95 17 
344 17.0 17 
345 17.0 17 
346 17.0 17 
347 17.0 17 
348 17.0 17 
349 17.0 17 
350 17.0 18 
351 17.0 18 
352 17.0 18 
353 17.0 18 
354 16.85 17 
355 16.9 17 
356 17.0 17 
357 17.0 17 
358 17.0 17 
359 17.0 17 
360 17.0 17 
361 17.0 17 
362 16.95 17 
363 16.95 17 
364 16.95 17 
365 17.0 17 
366 17.0 17 
367 17.0 17 
368 16.95 17 
369 16.9 17 
370 16.9 17 
371 16.9 17 
372 16.8 17 
373 16.65 17 
374 16.65 17 
375 16.55 17 
376 16.55 17 
377 16.5 17 
378 16.5 17 
379 16.55 17 
380 16.55 17 
381 16.6 17 
382 16.65 17 
383 16.8 18 
384 16.75 17 
385 16.55 17 
386 16.6 17 
387 16.55 17 
388 16.6 17 
389 16.5 17 
390 16.65 17 
391 16.55 17 
392 16.5 17 
393 16.3 17 
394 16.35 18 
395 16.55 18 
396 16.35 17 
397 16.3 18 
398 16.2 17 
399 16.2 17 
400 16.25 17 
401 16.3 17 
402 16.35 17 
403 16.5 17 
404 16.55 17 
405 16.6 17 
406 16.7 17 
407 16.75 17 
408 16.7 17 
409 16.6 17 
410 16.7 17 
411 16.7 17 
412 16.85 17 
413 16.85 17 
414 16.9 17 
415 16.95 17 
416 16.95 17 
417 16.8 17 
418 16.65 17 
419 16.75 17 
420 16.65 17 
421 16.65 17 
422 16.7 17 
423 16.75 17 
424 16.7 17 
425 16.65 17 
426 16.7 17 
427 16.65 17 
428 16.55 17 
429 16.5 18 
430 16.55 18 
431 16.6 18 
432 16.55 17 
433 16.6 17 
434 16.55 17 
435 16.6 17 
436 16.55 17 
437 16.7 17 
438 16.55 17 
439 16.45 17 
440 16.5 17 
441 16.45 17 
442 16.45 17 
443 16.5 17 
444 16.5 17 
445 16.55 17 
446 16.6 17 
447 16.65 17 
448 16.8 17 
449 16.75 18 
450 16.85 18 
451 16.9 17 
452 17.0 17 
453 17.0 17 
454 17.0 18 
455 16.95 18 
456 16.75 17 
457 16.6 17 
458 16.6 17 
459 16.8 17 
460 16.8 17 
461 16.7 17 
462 16.6 17 
463 16.6 17 
464 16.75 17 
465 16.6 17 
466 16.65 17 
467 16.5 17 
468 16.55 17 
469 16.65 17 
470 16.85 17 
471 16.9 17 
472 17.0 17 
473 17.0 17 
474 16.95 17 
475 16.85 17 
476 16.8 17 
477 16.75 17 
478 16.6 17 
479 16.75 17 
480 16.75 17 
481 16.65 17 
482 16.5 17 
483 16.4 17 
484 16.35 18 
485 16.35 17 
486 16.4 17 
487 16.65 17 
488 16.6 17 
489 16.75 17 
490 16.8 17 
491 16.7 17 
492 16.65 17 
493 16.7 17 
494 16.8 17 
495 16.9 17 
496 16.7 17 
497 16.95 17 
498 17.0 17 
499 17.0 17 
500 17.0 17 
501 17.0 17 
502 17.0 17 
503 17.0 18 
504 17.25 18 
505 17.25 18 
506 17.25 18 
507 17.4 18 
508 17.4 18 
509 17.15 18 
510 17.25 18 
511 17.2 18 
512 17.15 18 
513 17.15 18 
514 16.75 18 
515 16.85 18 
516 17.2 18 
517 17.25 18 
518 17.3 18 
519 17.5 18 
520 17.65 18 
521 17.85 18 
522 17.85 18 
523 17.85 18 
524 17.9 18 
525 17.9 18 
526 17.95 19 
527 17.9 18 
528 18.0 18 
529 18.0 18 
530 17.95 18 
531 17.9 18 
532 17.8 18 
533 17.85 18 
534 17.95 18 
535 17.9 18 
536 17.9 18 
537 17.95 18 
538 18.0 18 
539 18.0 18 
540 18.0 18 
541 17.95 18 
542 17.95 18 
543 18.0 18 
544 18.0 18 
545 18.05 19 
546 18.0 18 
547 18.0 18 
548 18.0 18 
549 18.0 18 
550 18.0 18 
551 18.0 18 
552 18.0 18 
553 18.0 18 
554 18.0 18 
555 18.0 18 
556 18.0 18 
557 18.0 18 
558 18.0 18 
559 17.95 18 
560 17.95 18 
561 17.95 18 
562 17.9 18 
563 17.85 18 
564 17.9 18 
565 17.9 18 
566 17.85 18 
567 17.85 18 
568 17.8 18 
569 17.7 18 
570 17.8 18 
571 17.7 18 
572 17.8 18 
573 17.75 18 
574 17.8 18 
575 17.75 18 
576 17.6 18 
577 17.55 18 
578 17.65 18 
579 17.55 18 
580 17.4 18 
581 17.6 18 
582 17.4 18 
583 17.7 18 
584 17.45 18 
585 17.4 18 
586 17.35 18 
587 17.55 18 
588 17.55 18 
589 17.65 18 
590 17.25 18 
591 17.2 18 
592 17.15 18 
593 17.1 18 
594 17.1 18 
595 17.15 18 
596 17.05 18 
597 17.1 18 
598 17.1 18 
599 17.05 18 
600 17.15 18 
601 17.15 18 
602 17.05 18 
603 17.2 18 
604 17.0 18 
605 17.1 18 
606 17.15 18 
607 17.05 18 
608 17.1 18 
609 17.05 18 
610 16.9 18 
611 16.9 18 
612 16.85 18 
613 17.0 18 
614 16.9 18 
615 17.05 18 
616 17.15 18 
617 17.0 18 
618 17.2 18 
619 17.4 18 
620 17.25 18 
621 17.15 18 
622 17.1 18 
623 17.2 18 
624 17.25 18 
625 17.25 18 
626 17.0 18 
627 17.2 18 
628 17.3 18 
629 17.2 18 
630 17.1 18 
631 17.05 18 
632 17.05 18 
633 16.9 18 
634 16.65 18 
635 16.5 18 
636 16.8 18 
637 17.2 18 
638 16.95 18 
639 16.65 18 
640 16.3 18 
641 16.25 18 
642 16.25 18 
643 16.35 18 
644 16.5 18 
645 16.5 18 
646 16.5 18 
647 16.45 18 
648 16.55 18 
649 16.4 18 
650 16.7 18 
651 16.5 18 
652 16.65 18 
653 16.85 18 
654 16.6 18 
655 16.45 18 
656 16.65 18 
657 16.65 18 
658 16.9 18 
659 16.75 18 
660 16.9 18 
661 16.9 18 
662 17.2 18 
663 17.3 18 
664 17.3 18 
665 17.5 18 
666 17.35 18 
667 17.3 18 
668 17.35 18 
669 17.3 18 
670 17.1 18 
671 17.15 18 
672 17.25 18 
673 17.15 18 
674 17.15 18 
675 17.0 18 
676 16.9 17 
677 16.9 17 
678 16.95 17 
679 16.9 17 
680 16.95 17 
681 17.0 17 
682 17.0 17 
683 17.0 17 
684 16.95 17 
685 17.0 17 
686 17.0 17 
687 16.95 17 
688 16.9 17 
689 16.85 17 
690 16.85 18 
691 16.75 18 
692 16.8 18 
693 17.0 18 
694 16.8 18 
695 16.8 18 
696 16.6 18 
697 16.55 17 
698 16.4 17 
699 16.65 18 
700 16.65 18 
701 16.7 18 
702 16.95 18 
703 16.9 18 
704 16.85 18 
705 16.9 18 
706 17.1 18 
707 17.15 18 
708 17.2 18 
709 17.1 18 
710 16.95 17 
711 16.95 17 
712 16.9 17 
713 16.85 17 
714 16.9 17 
715 17.0 18 
716 17.0 18 
717 16.85 17 
718 16.9 17 
719 16.85 17 
720 16.75 17 
721 16.7 17 
722 16.95 17 
723 16.9 17 
724 16.95 17 
725 17.0 17 
726 16.95 17 
727 16.9 17 
728 16.95 17 
729 17.0 17 
730 17.0 17 
731 17.0 17 
732 16.95 17 
733 16.85 17 
734 16.7 17 
735 16.7 17 
736 16.7 17 
737 16.8 17 
738 16.85 17 
739 16.9 17 
740 16.75 17 
741 16.45 17 
742 16.45 17 
743 16.35 17 
744 16.3 17 
745 16.55 17 
746 16.7 17 
747 16.7 17 
748 16.65 17 
749 16.65 17 
750 16.8 17 
751 16.7 17 
752 16.85 17 
753 16.95 17 
754 16.95 17 
755 16.95 17 
756 16.95 17 
757 17.0 17 
758 17.0 17 
759 17.0 17 
760 17.05 18 
761 17.05 18 
762 17.05 18 
763 16.95 17 
764 16.8 17 
765 16.8 17 
766 16.75 17 
767 16.7 17 
768 16.95 17 
769 16.95 17 
770 17.0 17 
771 17.0 17 
772 17.0 17 
773 16.9 17 
774 16.65 17 
775 16.7 17 
776 16.8 17 
777 16.9 17 
778 16.95 17 
779 16.85 17 
780 17.0 18 
781 16.9 17 
782 17.0 17 
783 17.0 17 
784 16.95 17 
785 16.85 17 
786 16.7 17 
787 16.75 17 
788 16.8 17 
789 16.65 17 
790 16.65 18 
791 16.75 18 
792 16.6 18 
793 16.7 18 
794 16.7 18 
795 16.7 18 
796 16.6 18 
797 16.3 18 
798 16.35 18 
799 16.35 18 
800 16.2 18 
801 16.15 17 
802 16.2 17 
803 16.3 17 
804 16.5 17 
805 16.55 18 
806 16.65 18 
807 16.55 18 
808 16.65 18 
809 16.7 18 
810 16.8 18 
811 17.0 18 
812 17.05 18 
813 16.65 18 
814 16.8 18 
815 16.9 18 
816 17.15 18 
817 17.3 18 
818 17.3 18 
819 17.3 18 
820 17.35 18 
821 17.2 18 
822 17.25 18 
823 16.95 18 
824 16.45 18 
825 16.2 17 
826 16.5 17 
827 16.7 18 
828 16.5 18 
829 16.45 18 
830 16.65 18 
831 16.35 18 
832 16.15 18 
833 16.05 17 
834 15.95 17 
835 15.95 17 
836 16.1 17 
837 16.15 17 
838 16.35 17 
839 16.4 17 
840 16.55 17 
841 16.65 17 
842 16.7 17 
843 16.75 17 
844 16.6 17 
845 16.7 17 
846 16.65 17 
847 16.75 17 
848 16.7 17 
849 16.75 17 
850 16.8 17 
851 16.95 17 
852 16.95 17 
853 16.9 17 
854 16.85 17 
855 16.9 17 
856 16.85 17 
857 16.85 17 
858 16.95 17 
859 17.0 17 
860 16.95 17 
861 17.0 17 
862 17.0 17 
863 17.0 17 
864 17.0 17 
865 17.0 17 
866 17.0 17 
867 16.95 17 
868 16.95 17 
869 16.95 17 
870 16.95 17 
871 16.9 17 
872 16.95 17 
873 16.95 17 
874 16.95 17 
875 17.0 17 
876 16.95 17 
877 17.0 17 
878 17.0 17 
879 16.95 17 
880 16.85 17 
881 16.85 17 
882 16.65 17 
883 16.6 17 
884 16.7 18 
885 16.7 18 
886 16.7 18 
887 16.85 18 
888 16.9 18 
889 16.8 18 
890 16.65 18 
891 16.7 18 
892 16.65 18 
893 16.6 18 
894 16.6 18 
895 16.7 18 
896 16.55 17 
897 16.6 18 
898 16.6 17 
899 16.75 18 
900 16.55 17 
901 16.55 18 
902 16.55 18 
903 16.65 18 
904 16.65 18 
905 16.95 18 
906 16.7 18 
907 16.55 18 
908 16.55 18 
909 16.4 18 
910 16.6 18 
911 16.45 18 
912 16.5 18 
913 16.65 18 
914 16.5 18 
915 16.4 18 
916 16.35 18 
917 16.05 17 
918 16.5 18 
919 16.45 18 
920 15.95 17 
921 16.4 17 
922 16.3 17 
923 16.0 17 
924 15.95 17 
925 16.05 17 
926 15.9 17 
927 16.2 17 
928 16.35 17 
929 16.5 17 
930 16.8 17 
931 16.8 17 
932 16.8 17 
933 17.0 18 
934 17.0 18 
935 16.95 17 
936 17.0 17 
937 17.0 17 
938 17.0 17 
939 17.0 17 
940 17.0 17 
941 16.95 17 
942 17.0 18 
943 17.05 18 
944 17.05 18 
945 17.05 18 
946 16.9 18 
947 17.05 18 
948 17.1 18 
949 17.2 18 
950 17.4 18 
951 17.4 18 
952 17.5 19 
953 17.5 19 
954 17.55 19 
955 17.6 19 
956 17.5 19 
957 17.6 19 
958 17.75 19 
959 17.95 19 
960 17.85 19 
961 18.2 19 
962 18.05 19 
963 18.0 19 
964 18.1 19 
965 18.2 19 
966 18.45 19 
967 18.5 19 
968 18.4 19 
969 18.45 19 
970 18.6 19 
971 18.7 19 
972 18.6 19 
973 18.8 19 
974 18.75 19 
975 18.8 19 
976 18.7 19 
977 18.7 19 
978 18.8 19 
979 18.8 19 
980 18.85 19 
981 18.95 19 
982 18.9 19 
983 18.9 19 
984 18.95 19 
985 19.0 19 
986 19.0 19 
987 19.0 19 
988 18.9 19 
989 18.95 19 
990 18.95 19 
991 18.95 19 
992 19.0 19 
993 19.0 19 
994 19.0 19 
995 19.0 19 
996 19.0 19 
997 19.0 19 
998 18.95 19 
999 19.0 19 
