0 -548.3678000000002 -97.96 223660242243146600651162361662645052243650431126512213604360566001355010341123334215323513060136661622230644315341335612520140311516523000506210161660536152363604510152424262345621110116144660135516332611521266401516622161554460254066563663302 
10 -71.19129999999994 5.4 650414140400064425634246140150032261243214641650305103512252516646122506345320546202445042260310624444036103661505245303300606562333316116644106620361045331204204515152424262355152233322362432346456251446240453412364124041546655425203064544612 
20 -4.799100000000002 6.8 322364406526612660165043543456255461665105425406601250015005623615625350121535334142104165440561620013064643065336466233554116030335523000502433000230553612210345036161450461654452233322362432344456250046240453412364124040546555425303063244512 
30 -0.15610000000000013 7.6 353641110105112666311460161325605162055244001353152031015003523615622304626133325015666445135316442242251431664423143410034530025162343351405443600106535600355513326141450461651452303353155155262453160412454224031606030563631654006423020663251 
40 -2.4647999999999977 10.8 242664440453350066542424231405605156655145423255463434331235334364161651332533344440104453010266442242250002105136020403621264504000612241604106000230553461355513336101450061655453314653155155246456254446250453412064436040544555425303023363521 
50 2.0267 10.4 242664445664356453211461461336203654205244011323140262015023626100550616666051640242146603055014461404234513212634411352622050265535562632646210263456535461355513336101450431655452314653155455246456254446250453020606001213641655036203064230605 
60 3.855800000000008 14.6 243416122656145454454603531435645162055224001353136041015003513615650614606334044454426450002413442242251431664423102352622050232363336541504156000231213161266023152121450653641454011153165455246456254446250452020606000563631416365533064466543 
70 2.6639000000000017 13.4 663412115021615014012521531205656010343634404230645030321326240441010113461535336140153255635316022242221401265110241452621212262165052432646436030110533661136023152121450653641454011153165455246456254546251452020606000563131416335533064233602 
80 5.6509 20.0 663412441023350246314663153246605162025246002015610262343130131615650633421506134142103020150033464600504052211423100350026060625163236551405443605140533632210545336121450255641252514153165455243456250046250463020064432044546550523213465662605 
90 7.743700000000006 24.0 666452641053050464311410353246605162055244001002055230543154231436123454626051520242123050120156010251254654323134141542622052615250650460630615114463053622210345356121450253646252014153405455346456254446250452020646000403631056335513066663605 
100 11.407599999999993 26.4 340043041024440214201424141330654162055244000355100062143135335015252154441435366222104245635314462101501402116130211442631215262163316501524140266156323600350645356321255255641252414153165455243456254466250463020065400024526350523161064463605 
110 7.546999999999997 28.6 666454041021640026311251653005600565055144001345110062443154242436123614661635146140103415130313462442260650261210241502622052635250650460605266553210315632210645321321250255641250514153165455246456254446250453320406000563631214335533055353663 
120 7.203599999999994 28.4 326316361421445004062521353246605102055344001353532522416203541516122614441135232160353050100116010414500600265216201465622024625163536532146266153240514632010645356321250255641252314153165450226256254446250464050606433044531010335533064466543 
130 8.711799999999998 30.8 660452541021444013454521231405605022055206002411616230443154211436123454421510610054423155150313010414500602265533100112022004625163532460600615114163653120240335256126250253145254314153545455346456254446250452620640600043631214335513035644062 
140 13.126900000000004 50.0 666040551036620624326603553445005162055244002411155262021524031436461656264516566551404165135343050404550660635210241512626052362161532460600615113410533620240346256126251254641252344253165255443456250046250352022646200003636013505436234635662 
150 28.578200000000006 52.0 326334105102350600052521021330335562055246002411155262021524031436401251335535335140100054100536011640154650635210241232622052662145342261522210214163653132240345256121255254645252345153265255243656250046256352252602412564546310335536234633662 
160 31.781299999999998 56.4 663412045006620624316521231405635522055221002043510032323324051436462456264516506551414465100216061445154650165310241232622052664145342201522215214143653620440345256126251253141252344153155255443256250036250352020636000543414013555436234663055 
170 33.42260000000002 58.0 666252641441445600052521353226605602051304003003452033043124531516351456253545134562104050100531011340154656405240241232422012664140350161526215214063653620240355256121250254341252344153165255453256250046250352620636000533636013555436234633012 
180 30.3794 59.2 620622141624045356456460551310005312250242051361620125323154041516352413451435236360454165550236011440114650163532146564622022615450452261522315214143653020240335256120250253145254355150165251246256254646250453520636000543246560335563063036603 
190 40.16140000000004 58.4 666642451666114453250521453020605600051304003002410204325101032156461613362506526554005156202136011310601653665350245235323452664101042460606615114160652220240546256126250253145252355113165255443256254643250452010406060501646560506243064603601 
200 35.1828 60.0 463051621123040154110463420305605562113144150361110233344105600442164461445534336460434156200536011310001653665310246235323452624140452462600611114143153020240335256120250253155252355153165255246256250035250350022646060503546460556533064603601 
210 43.29779999999998 58.0 666645451566040154510460422305601162055223156002544043040321061616432053441435356160153064135433010046154150163511265462663555614162542060600411114143645611240535256116250253145252355153165255443256254146250454621406060503546460556563064603601 
220 33.079599999999985 62.0 656640161666140154110464425555525662051344150361110233655541040452164423611435356162133114110233011503154653265211234562222451664146242361562215014145655615240525256120250254646252351151161255043256250035250456110405660503636063541436334653260 
230 31.787200000000034 60.8 666535451032354600052561335300102111203154121032054431345105062452161454440560266141404153202536011310001653665211266563642026613450422261536243453253655320246544256121250254144254355553112255443254254646250450612636060504634060555202162063601 
240 35.535700000000006 60.0 061352621666133312456521251310105115051304003003654431365623000442164401440560266121404001165436010643154653205211266235323452664441042311545265153410525510240545256124250253441254355553635255443256250456250456311446161003636123541436234633601 
250 35.678000000000026 61.6 666620451666154600016622351610105662006242134411054433555441000440123613351536520541123163150236011540154653361300236665253432264040055465606512114163653000240244256125250254144254455153661255143256254646250450612446050504634560542203465533612 
260 24.738500000000023 59.6 666625451032304600406061651310105162056154134066615200316255304531162452301560466142404011560231011460454650135142263462643552064140545365606512114160655511240544256124250254144252354153262255443256253642250455612646306033666013541036235633612 
270 36.39199999999998 60.0 660043461162105114461501651360305212050212051361612203365001060444465501361430336160514463340116114320151050465261266235362452264444051460646515114120603100240325256134250254114254352453135255453256250646250450612640306003646013555203114663016 
280 38.36489999999998 58.8 666650661312415045426061651310105162056124041000042033025125334530161406611165156542134114110232011430311053265215236065662452264441051460646515110410653020240345256460255253245254354152161255340251250646250450012646306003666013541136434602513 
290 40.96050000000004 58.4 666620461312415045426063463110105112011030155002054031436653315432131411361440316542134115110232011420154253125212666401642002235142002161462015014123660220340545256316250253631252355153261255253254253640250451012646306003636064541336231363545 
300 39.734499999999976 58.0 666340141204561342411521653110302412014030651222644003345105062440164461402125156542134143110232011430312016061043236335320452642141541460646514114160003100240325256134253254143252354153265255653254253616250456611430206613666060544536235632514 
