butler1.jpg,87,45,206,164
butler3.jpeg,486,177,1058,749
butler4.jpg,151,115,403,367
butler6.jpg,354,255,1040,941
butler7.jpg,110,57,279,226
butler9.jpg,420,397,1479,1456
butler10.jpg,211,311,741,841
butler12.jpg,192,228,581,617
butler13.jpg,154,246,655,747
butler14.jpg,537,127,857,447
butler15.jpg,200,203,650,653
butler18.jpg,169,267,619,717
butler21.jpg,347,266,689,608
butler22.jpg,175,74,369,268
butler25.jpg,116,199,951,1034
butler26.jpg,103,43,214,154
butler27.jpg,117,235,525,643
butler29.jpg,278,255,691,668
butler33.jpg,416,426,1317,1327
butler34.jpg,242,241,648,647
butler37.jpg,692,203,1290,801
butler38.jpg,284,269,795,780
butler42.jpg,190,130,434,374
butler46.jpg,158,58,288,188
butler47.jpg,69,105,282,318
butler49.jpg,419,176,719,476
butler50.jpg,362,338,1131,1107
butler53.jpg,342,301,799,758
butler54.jpg,133,485,755,1107
butler56.jpg,527,150,846,469
butler57.jpg,256,223,568,535
butler59.jpg,121,398,770,1047
butler60.jpg,410,134,679,403
butler66.jpg,615,210,901,496
butler68.jpg,366,184,678,496
butler70.jpg,148,176,498,526
butler78.jpg,169,168,570,569
butler81.jpg,163,261,528,626
butler83.jpg,82,65,205,188
butler84.jpg,509,152,732,375
butler86.jpg,307,203,807,703
butler87.jpg,155,60,321,226
butler88.jpg,54,123,326,395
butler90.jpg,70,89,305,324
butler91.jpg,74,74,204,204
butler92.jpg,92,163,307,378
butler96.jpg,120,285,609,774
butler97.jpg,462,24,863,425
butler98.jpg,304,142,577,415
butler100.jpg,108,25,365,282
butler102.jpg,49,53,227,231
butler103.jpg,406,202,713,509
butler104.jpg,30,60,235,265
butler105.jpg,171,223,554,606
butler107.jpg,206,314,690,798
butler112.jpg,196,220,689,713
butler113.jpg,411,127,942,658
butler115.jpg,78,64,205,191
butler116.jpg,355,139,705,489
butler123.jpg,363,193,606,436
butler124.jpg,382,191,1218,1027
butler125.jpg,273,419,929,1075
butler126.jpg,23,70,149,196
butler127.jpg,59,26,164,131
butler128.jpg,141,198,356,413
butler130.jpg,14,64,132,182
butler134.jpg,379,94,1314,1029
butler138.jpg,78,90,294,306
butler140.jpg,291,148,501,358
butler147.jpg,44,78,244,278
butler150.jpg,196,123,432,359
butler151.jpg,171,270,585,684
butler154.jpg,87,101,267,281
butler155.jpg,196,296,668,768
butler156.jpg,167,55,283,171
butler158.jpg,168,50,288,170
butler163.jpg,313,258,710,655
butler164.jpg,189,230,587,628
butler166.jpg,177,25,342,190
butler172.jpg,451,112,764,425
butler175.jpg,240,284,735,779
butler176.jpg,139,99,345,305
butler178.jpg,546,168,887,509
butler179.jpg,298,167,514,383
butler183.jpg,725,324,1060,659
butler186.jpg,83,42,210,169
butler187.jpg,248,189,643,584
butler193.jpg,442,27,1311,896
butler194.jpg,463,135,846,518
butler195.jpg,84,88,251,255
butler196.jpg,79,40,244,205
butler197.jpg,318,154,610,446
butler198.jpg,72,43,183,154
butler199.jpg,355,160,620,425
butler200.jpg,247,208,611,572
butler201.jpg,29,48,151,170
butler202.jpg,154,246,655,747
butler203.jpg,251,109,540,398
butler204.jpg,44,79,243,278
butler205.jpg,146,242,684,780
butler211.jpg,373,125,1403,1155
butler215.jpg,128,439,767,1078
butler217.jpg,64,75,221,232
butler221.jpg,217,105,425,313
butler222.jpg,437,89,567,219
butler223.jpg,69,130,429,490
butler233.png,99,72,213,186
butler237.jpg,57,52,160,155
radcliffe1.jpg,186,282,712,808
radcliffe3.jpg,202,216,711,725
radcliffe6.jpg,215,184,721,690
radcliffe7.jpeg,390,652,1740,2002
radcliffe8.jpg,119,405,983,1269
radcliffe12.jpg,239,60,454,275
radcliffe15.jpg,234,303,670,739
radcliffe17.jpg,102,123,653,674
radcliffe22.jpg,301,197,732,628
radcliffe23.jpg,306,296,916,906
radcliffe26.jpg,545,460,1501,1416
radcliffe27.jpg,506,280,753,527
radcliffe29.jpg,15,26,237,248
radcliffe30.jpg,339,278,821,760
radcliffe32.jpg,213,265,662,714
radcliffe33.jpg,326,323,926,923
radcliffe35.jpg,266,128,723,585
radcliffe38.jpg,686,232,1014,560
radcliffe39.jpg,59,24,236,201
radcliffe40.jpg,173,106,331,264
radcliffe41.jpg,348,246,646,544
radcliffe44.jpg,138,57,244,163
radcliffe45.jpg,568,125,824,381
radcliffe46.jpg,91,130,458,497
radcliffe47.jpg,148,366,774,992
radcliffe50.jpg,140,191,538,589
radcliffe51.jpg,221,208,598,585
radcliffe52.jpg,483,411,1391,1319
radcliffe53.jpg,160,89,355,284
radcliffe56.jpg,161,200,418,457
radcliffe59.jpg,192,225,553,586
radcliffe60.jpg,379,213,802,636
radcliffe62.jpg,337,312,755,730
radcliffe63.jpg,194,179,923,908
radcliffe66.jpg,196,64,422,290
radcliffe70.jpg,430,323,704,597
radcliffe71.jpg,97,53,256,212
radcliffe73.jpg,148,121,493,466
radcliffe76.jpg,300,54,777,531
radcliffe77.jpg,55,96,250,291
radcliffe81.jpg,115,152,909,946
radcliffe82.jpg,262,340,764,842
radcliffe84.png,305,74,664,433
radcliffe86.jpg,57,62,181,186
radcliffe88.jpg,104,23,572,491
radcliffe91.jpg,625,649,1188,1212
radcliffe94.jpg,156,100,337,281
radcliffe96.jpg,237,331,863,957
radcliffe97.jpeg,542,245,1009,712
radcliffe98.jpg,1338,302,1990,954
radcliffe99.jpg,386,241,883,738
radcliffe101.jpg,250,190,548,488
radcliffe102.jpg,158,499,948,1289
radcliffe104.jpg,116,82,245,211
radcliffe106.jpg,284,339,864,919
radcliffe107.jpg,455,162,741,448
radcliffe109.jpg,154,157,359,362
radcliffe111.jpg,365,100,568,303
radcliffe112.jpg,218,101,435,318
radcliffe114.jpg,60,92,272,304
radcliffe116.jpg,321,161,658,498
radcliffe117.jpg,1110,401,1434,725
radcliffe118.jpg,421,207,754,540
radcliffe119.jpg,592,431,1347,1186
radcliffe122.jpg,359,388,1269,1298
radcliffe124.jpg,90,114,661,685
radcliffe126.jpg,51,128,323,400
radcliffe127.jpg,679,225,1021,567
radcliffe130.jpg,660,325,1169,834
radcliffe134.jpg,247,192,586,531
radcliffe135.jpg,88,104,302,318
radcliffe136.jpg,175,113,310,248
radcliffe137.jpg,401,264,748,611
radcliffe138.jpg,134,26,404,296
radcliffe139.jpg,232,201,513,482
radcliffe140.jpg,351,512,1367,1528
radcliffe141.jpg,189,75,299,185
radcliffe144.jpg,501,144,761,404
radcliffe146.jpg,128,272,654,798
radcliffe148.jpg,394,115,507,228
radcliffe151.jpg,414,37,973,596
radcliffe153.jpg,95,59,203,167
radcliffe156.jpg,95,306,694,905
radcliffe162.jpg,117,34,325,242
radcliffe165.jpg,235,311,748,824
radcliffe170.jpg,630,267,1005,642
radcliffe173.jpg,285,118,680,513
radcliffe177.jpg,270,81,467,278
radcliffe178.jpg,160,90,300,230
radcliffe179.jpg,165,189,329,353
radcliffe180.jpg,195,259,560,624
radcliffe185.jpg,140,46,251,157
radcliffe187.jpg,128,260,603,735
radcliffe189.jpg,332,374,907,949
radcliffe190.jpeg,124,80,346,302
radcliffe191.jpg,135,269,476,610
radcliffe192.jpg,464,378,1179,1093
radcliffe193.jpg,293,219,787,713
radcliffe197.jpg,204,322,729,847
radcliffe198.jpg,235,32,439,236
radcliffe203.jpg,116,67,241,192
radcliffe204.jpg,534,157,839,462
radcliffe205.jpg,88,86,223,221
radcliffe210.jpg,69,103,272,306
radcliffe211.jpg,109,97,381,369
radcliffe214.jpg,349,167,501,319
radcliffe216.jpg,67,31,170,134
radcliffe217.jpg,146,72,282,208
radcliffe220.jpg,245,182,607,544
radcliffe221.jpg,367,221,797,651
radcliffe222.jpg,352,94,487,229
radcliffe224.jpg,78,31,192,145
radcliffe225.jpg,427,182,586,341
radcliffe227.jpg,54,44,165,155
radcliffe235.jpg,67,130,232,295
radcliffe236.jpg,67,75,382,390
radcliffe237.jpg,151,10,339,198
radcliffe242.jpg,106,72,220,186
radcliffe251.jpg,97,74,221,198
radcliffe253.jpg,190,39,298,147
radcliffe254.jpg,155,190,448,483
radcliffe255.jpg,124,55,252,183
vartan0.jpg,51,66,187,202
vartan1.JPG,241,35,361,155
vartan4.jpg,468,82,666,280
vartan6.jpg,224,163,510,449
vartan16.jpg,191,224,666,699
vartan19.jpg,432,127,619,314
vartan22.jpg,503,126,916,539
vartan23.jpg,44,39,152,147
vartan24.jpg,250,285,885,920
vartan25.jpg,670,329,1339,998
vartan29.jpg,44,62,176,194
vartan30.jpg,246,71,374,199
vartan31.jpg,269,90,538,359
vartan32.jpg,152,203,581,632
vartan33.jpg,69,93,206,230
vartan34.jpg,141,68,263,190
vartan36.jpg,224,80,397,253
vartan38.jpg,119,133,306,320
vartan39.jpg,104,60,226,182
vartan40.jpg,18,59,130,171
vartan42.jpg,467,153,785,471
vartan47.jpg,144,213,481,550
vartan49.jpg,250,136,475,361
vartan51.jpg,404,217,794,607
vartan56.jpg,72,163,403,494
vartan58.jpg,231,146,540,455
vartan59.jpg,83,146,350,413
vartan64.jpg,35,41,148,154
vartan67.jpg,35,48,147,160
vartan68.jpg,126,257,500,631
vartan69.jpg,71,80,209,218
vartan71.jpg,24,67,157,200
vartan72.jpg,263,192,566,495
vartan74.jpg,270,107,392,229
vartan75.jpg,31,31,151,151
vartan76.jpg,58,61,182,185
vartan79.jpg,23,41,129,147
vartan80.jpg,109,24,291,206
vartan83.jpg,424,127,712,415
vartan85.jpg,11,28,118,135
vartan86.jpg,108,73,211,176
vartan87.jpg,78,27,261,210
vartan88.jpg,67,41,170,144
vartan92.jpg,67,86,229,248
vartan93.jpg,515,140,741,366
vartan94.jpg,60,95,240,275
vartan102.jpg,814,139,1019,344
vartan105.jpg,230,278,499,547
vartan106.jpg,59,86,184,211
vartan107.jpg,229,69,359,199
vartan108.jpg,250,90,444,284
vartan110.jpg,330,156,444,270
vartan111.jpg,48,116,387,455
vartan114.jpg,123,111,237,225
vartan117.jpg,134,75,252,193
vartan121.jpg,34,162,301,429
vartan126.jpg,272,406,607,741
vartan128.jpg,137,102,316,281
vartan132.jpg,114,225,514,625
vartan137.jpg,410,501,542,633
vartan138.jpg,199,68,374,243
vartan139.jpg,590,124,911,445
vartan141.jpg,42,31,148,137
vartan143.jpg,26,169,254,397
vartan144.jpg,488,195,776,483
vartan146.jpg,335,170,625,460
vartan147.jpg,49,25,156,132
vartan150.jpg,45,114,170,239
vartan151.jpg,244,120,374,250
vartan157.jpg,126,63,281,218
vartan161.jpg,99,28,207,136
vartan163.jpg,73,97,304,328
vartan164.jpg,164,185,451,472
vartan168.jpeg,294,135,479,320
vartan169.jpg,54,116,260,322
vartan172.jpg,299,155,499,355
vartan173.jpg,120,71,282,233
vartan180.jpg,288,266,686,664
vartan181.jpg,198,66,398,266
vartan188.jpg,66,35,177,146
vartan189.jpg,112,59,229,176
vartan191.jpg,228,67,384,223
vartan192.jpg,547,205,829,487
vartan194.jpg,122,164,335,377
vartan196.jpg,117,106,312,301
vartan198.jpg,92,102,219,229
vartan199.jpg,179,83,282,186
vartan201.jpg,153,81,355,283
vartan202.jpg,716,210,940,434
vartan204.jpg,199,139,368,308
vartan205.jpg,293,71,443,221
vartan207.jpg,480,96,655,271
vartan208.jpg,160,111,347,298
vartan211.jpg,465,219,745,499
vartan212.jpg,103,37,219,153
vartan213.jpg,297,139,607,449
vartan214.jpg,80,135,290,345
vartan220.jpg,115,138,335,358
vartan221.jpg,18,58,129,169
vartan222.jpg,327,69,459,201
vartan223.jpg,132,128,373,369
vartan224.jpg,2,62,138,198
vartan225.jpg,82,113,311,342
vartan227.jpg,37,47,148,158
vartan228.jpg,28,159,269,400
vartan229.jpg,156,102,272,218
